w g
0.0001 2.303320766
0.0001059406557 2.303326432
0.0001122342253 2.303332435
0.0001189016742 2.303338795
0.0001259652133 2.303345532
0.000133448373 2.303352669
0.0001413760814 2.30336023
0.0001497747476 2.303368241
0.0001586723497 2.303376727
0.0001680985277 2.303385716
0.0001780846825 2.30339524
0.0001886640804 2.30340533
0.0001998719639 2.303416018
0.0002117456691 2.303427341
0.0002243247503 2.303439337
0.0002376511114 2.303452045
0.0002517691457 2.303465507
0.0002667258838 2.303479769
0.0002825711503 2.303494877
0.0002993577295 2.303510883
0.0003171415415 2.303527839
0.0003359818286 2.303545801
0.0003559413523 2.30356483
0.0003770866026 2.303584988
0.0003994880194 2.303606343
0.0004232202272 2.303628966
0.0004483622838 2.303652931
0.0004749979435 2.303678319
0.0005032159359 2.303705213
0.0005331102622 2.303733704
0.0005647805074 2.303763885
0.0005983321729 2.303795857
0.0006338770273 2.303829726
0.0006715334791 2.303865604
0.0007114269711 2.303903611
0.0007536903981 2.303943872
0.0007984645498 2.303986522
0.0008458985797 2.304031701
0.0008961505019 2.304079559
0.0009493877179 2.304130255
0.001005787574 2.304183957
0.001065537951 2.304240843
0.001128837892 2.304301101
0.001195898264 2.30436493
0.001266942463 2.304432541
0.001342207153 2.304504159
0.001421943059 2.304580019
0.0015064158 2.304660373
0.001595906776 2.304745485
0.001690714103 2.304835638
0.001791153607 2.304931127
0.001897559877 2.305032268
0.002010287376 2.305139394
0.002129711628 2.305252858
0.002256230463 2.305373032
0.002390265347 2.305500313
0.002532262782 2.305635118
0.002682695795 2.30577789
0.002842065516 2.305929096
0.003010902844 2.306089233
0.003189770215 2.306258824
0.003379263482 2.306438424
0.003580013891 2.30662862
0.003792690191 2.306830031
0.004018000857 2.307043314
0.004256696455 2.307269164
0.004509572136 2.307508313
0.00477747029 2.307761538
0.005061283352 2.308029659
0.005361956771 2.308313543
0.005680492162 2.308614106
0.006017950644 2.308932317
0.006375456372 2.309269199
0.006754200286 2.309625834
0.007155444071 2.310003361
0.007580524368 2.310402989
0.008030857221 2.310825989
0.0085079428 2.311273707
0.00901337039 2.31174756
0.009548823692 2.312249045
0.01011608643 2.312779741
0.0107170483 2.313341315
0.01135371124 2.313935522
0.01202819614 2.314564213
0.01274274986 2.315229339
0.01349975275 2.315932955
0.01430172659 2.316677224
0.01515134292 2.317464425
0.01605143204 2.318296955
0.01700499236 2.319177335
0.01801520041 2.320108216
0.01908542144 2.321092384
0.02021922062 2.322132766
0.0214203749 2.323232434
0.02269288563 2.324394612
0.02404099184 2.325622679
0.02546918439 2.32692018
0.02698222095 2.328290824
0.0285851418 2.329738494
0.03028328666 2.331267251
0.03208231245 2.332881339
0.03398821218 2.334585187
0.03600733485 2.336383416
0.03814640664 2.338280842
0.04041255333 2.340282475
0.04281332399 2.342393529
0.04535671616 2.344619415
0.04805120251 2.346965749
0.05090575902 2.349438344
0.0539298949 2.352043217
0.05713368428 2.354786579
0.06052779976 2.357674833
0.06412354796 2.360714569
0.06793290717 2.363912556
0.0719685673 2.36727573
0.0762439721 2.370811184
0.08077336399 2.374526154
0.08557183145 2.378428
0.09065535934 2.382524187
0.09604088213 2.386822266
0.1017463403 2.39132984
0.10779074 2.396054544
0.1141942168 2.401004005
0.1209781021 2.406185812
0.1281649946 2.41160747
0.1357788357 2.417276362
0.1438449888 2.423199696
0.1523903244 2.42938446
0.1614433089 2.435837359
0.1710341 2.442564765
0.1811946471 2.449572647
0.1919587972 2.456866513
0.2033624085 2.464451336
0.215443469 2.472331488
0.2282422238 2.480510666
0.2418013085 2.488991821
0.2561658917 2.497777081
0.2713838254 2.506867685
0.2875058041 2.516263906
0.3045855341 2.525964983
0.322679912 2.535969061
0.3418492146 2.546273125
0.3621572995 2.55687295
0.3836718178 2.567763053
0.4064644396 2.578936654
0.4306110925 2.590385647
0.456192215 2.602100585
0.4832930239 2.614070672
0.5120037985 2.626283767
0.5424201814 2.638726411
0.5746434969 2.651383853
0.6087810886 2.664240104
0.6449466771 2.677277997
0.6832607387 2.690479264
0.7238509068 2.703824627
0.7668523971 2.717293899
0.8124084578 2.730866104
0.8606708472 2.744519597
0.9118003391 2.758232201
0.965967258 2.771981351
1.023352047 2.785744238
1.084145869 2.799497963
1.148551242 2.813219688
1.216782717 2.826886785
1.289067589 2.84047699
1.365646657 2.85396854
1.446775023 2.867340314
1.532722946 2.880571957
1.623776739 2.893644001
1.720239725 2.906537969
1.822433244 2.919236466
1.930697729 2.931723261
2.045393834 2.943983351
2.166903639 2.956003016
2.295631924 2.967769847
2.432007513 2.979272779
2.576484707 2.990502094
2.729544792 3.001449418
2.891697651 3.012107707
3.063483453 3.022471221
3.245474457 3.032535484
3.438276921 3.042297244
3.642533115 3.051754415
3.858923467 3.060906022
4.088168824 3.069752135
4.331032859 3.078293802
4.58832461 3.086532979
4.860901178 3.094472453
5.149670582 3.102115777
5.455594781 3.109467188
5.779692884 3.116531544
6.12304454 3.123314245
6.486793535 3.12982117
6.872151605 3.136058608
7.280402472 3.142033199
7.712906118 3.14775187
8.171103315 3.153221785
8.656520431 3.158450284
9.170774507 3.163444845
9.715578646 3.168213032
10.29274772 3.172762455
10.90420443 3.177100738
11.55198567 3.181235478
12.23824937 3.185174221
12.96528163 3.188924434
13.73550437 3.192493478
14.5514834 3.195888592
15.41593693 3.199116873
16.33174467 3.20218526
17.30195739 3.205100523
18.32980711 3.207869251
19.41871784 3.210497844
20.57231701 3.212992505
21.79444754 3.215359237
23.08918063 3.217603835
24.46082936 3.219731889
25.91396301 3.221748776
27.45342234 3.223659667
29.08433564 3.225469518
30.81213589 3.22718308
32.6425788 3.228804894
34.58176202 3.230339296
36.63614544 3.231790417
38.81257271 3.233162189
41.11829402 3.234458342
43.56099031 3.235682411
46.14879877 3.236837737
48.89034002 3.237927469
51.79474679 3.238954565
54.87169438 3.239921795
58.13143282 3.240831741
61.58482111 3.241686799
65.2433633 3.242489177
69.11924689 3.243240895
73.22538338 3.243943785
77.5754513 3.244599485
82.18394177 3.245209439
87.06620681 3.245774891
92.23851039 3.246296877
97.71808273 3.246776221
103.5231776 3.247213525
109.6731332 3.247609155
116.1884364 3.247963233
123.0907914 3.248275621
130.4031915 3.248545901
138.1499962 3.248773361
146.3570118 3.248956967
155.051578 3.249095342
164.2626584 3.249186734
174.0209374 3.249228987
184.3589222 3.249219502
195.311051 3.249155199
206.9138081 3.249032471
219.2058451 3.248847134
232.2281096 3.248594375
246.0239821 3.248268688
260.6394198 3.247863811
276.1231104 3.247372655
292.5266337 3.246787226
309.9046339 3.246098542
328.3150013 3.245296549
347.8190651 3.244370025
368.4817983 3.243306485
390.3720333 3.242092085
413.5626918 3.240711519
438.1310275 3.239147926
464.1588834 3.237382799
491.7329646 3.235395897
520.945127 3.233165181
551.8926835 3.230666766
584.6787277 3.227874902
619.4124779 3.224761987
656.2096407 3.22129864
695.1927962 3.217453817
736.4918067 3.213195013
780.2442493 3.208488544
826.5958739 3.203299927
875.7010889 3.19759438
927.7234756 3.191337445
982.8363333 3.184495741
1041.223256 3.177037866
1103.078745 3.168935428
1168.608855 3.160164198
1238.031884 3.150705369
1311.579096 3.140546874
1389.495494 3.129684719
1472.040638 3.118124262
1559.489504 3.105881369
1652.133406 3.092983342
1750.280964 3.079469562
1854.25913 3.065391728
1964.414281 3.050813657
2081.11337 3.035810563
2204.74515 3.02046783
2335.721469 3.004879283
2474.47864 2.989145024
2621.478897 2.973368928
2777.211932 2.957655935
2942.196532 2.942109283
3116.982298 2.926827827
3302.151485 2.91190361
3498.320936 2.897419791
3706.144138 2.883449022
3926.313402 2.870052339
4159.562163 2.857278569
4406.66743 2.845164225
4668.452371 2.833733855
4945.789053 2.823000746
5239.601353 2.812967924
5550.86803 2.803629336
5880.625989 2.794971151
6229.973732 2.786973091
6600.075023 2.779609744
6992.162757 2.772851792
7407.543073 2.766667146
7847.599704 2.761021943
8313.798584 2.755881413
8807.692734 2.751210599
9330.927435 2.746974956
9885.245709 2.743140815
10472.49412 2.739675741
11094.62894 2.736548799
11753.72265 2.733730725
12451.97085 2.731194038
13191.69956 2.728913096
13975.37302 2.726864096
14805.60181 2.725025051
15685.15164 2.723375735
16616.9525 2.72189761
17604.10844 2.720573739
18649.90791 2.719388692
19757.83473 2.718328446
20931.57967 2.717380287
22175.05275 2.716532708
23492.39629 2.715775315
24887.99867 2.715098731
26366.50899 2.71449451
27932.85251 2.713955052
29592.24711 2.713473529
31350.22063 2.713043808
33212.6293 2.712660388
35185.67726 2.712318338
37275.9372 2.71201324
39490.3723 2.711741139
41836.35935 2.711498496
44321.71342 2.711282145
46954.71382 2.711089257
49744.13171 2.710917303
52699.25932 2.710764023
55829.94087 2.710627398
59146.60545 2.710505629
62660.30164 2.710397105
66382.73443 2.710300392
70326.30413 2.710214208
74504.14774 2.710137412
78930.18265 2.710068983
83619.15305 2.710008013
88586.67904 2.70995369
93849.30865 2.709905292
99424.57296 2.709862175
105331.0445 2.709823762
111588.3993 2.709789543
118217.4819 2.709759059
125240.3755 2.709731906
132680.475 2.709707718
140562.5652 2.709686174
148912.9032 2.709666984
157759.3061 2.709649893
167131.2434 2.70963467
177059.9351 2.709621113
187578.4563 2.709609039
198721.8465 2.709598287
210527.2273 2.709588712
223033.925 2.709580186
236283.6026 2.709572593
250320.398 2.709565833
265191.071 2.709559814
280945.1595 2.709554455
297635.1442 2.709549685
315316.6234 2.709545437
334048.4984 2.709541657
353893.1695 2.709538291
374916.7443 2.709535296
397189.2573 2.70953263
420784.9036 2.709530257
445782.286 2.709528146
472264.6769 2.709526267
500320.2954 2.709524595
530042.6016 2.709523108
561530.6077 2.709521785
594889.2078 2.709520608
630229.5275 2.709519561
667669.2939 2.70951863
707333.228 2.709517803
749353.4598 2.709517067
793869.9689 2.709516412
841031.0505 2.709515831
890993.8097 2.709515314
943924.6843 2.709514855
1000000 2.709514446
