w g
0.0001 2.303320766
0.0001059406557 2.303326432
0.0001122342253 2.303332435
0.0001189016742 2.303338795
0.0001259652133 2.303345532
0.000133448373 2.303352669
0.0001413760814 2.30336023
0.0001497747476 2.303368241
0.0001586723497 2.303376726
0.0001680985277 2.303385716
0.0001780846825 2.30339524
0.0001886640804 2.303405329
0.0001998719639 2.303416018
0.0002117456691 2.303427341
0.0002243247503 2.303439337
0.0002376511114 2.303452044
0.0002517691457 2.303465507
0.0002667258838 2.303479768
0.0002825711503 2.303494877
0.0002993577295 2.303510882
0.0003171415415 2.303527838
0.0003359818286 2.3035458
0.0003559413523 2.303564829
0.0003770866026 2.303584987
0.0003994880194 2.303606342
0.0004232202272 2.303628965
0.0004483622838 2.30365293
0.0004749979435 2.303678318
0.0005032159359 2.303705212
0.0005331102622 2.303733702
0.0005647805074 2.303763883
0.0005983321729 2.303795855
0.0006338770273 2.303829724
0.0006715334791 2.303865602
0.0007114269711 2.303903609
0.0007536903981 2.30394387
0.0007984645498 2.303986519
0.0008458985797 2.304031698
0.0008961505019 2.304079555
0.0009493877179 2.304130251
0.001005787574 2.304183953
0.001065537951 2.304240838
0.001128837892 2.304301094
0.001195898264 2.304364923
0.001266942463 2.304432533
0.001342207153 2.30450415
0.001421943059 2.304580009
0.0015064158 2.304660362
0.001595906776 2.304745473
0.001690714103 2.304835624
0.001791153607 2.304931111
0.001897559877 2.305032251
0.002010287376 2.305139375
0.002129711628 2.305252836
0.002256230463 2.305373008
0.002390265347 2.305500286
0.002532262782 2.305635088
0.002682695795 2.305777856
0.002842065516 2.305929058
0.003010902844 2.30608919
0.003189770215 2.306258776
0.003379263482 2.30643837
0.003580013891 2.306628558
0.003792690191 2.306829962
0.004018000857 2.307043237
0.004256696455 2.307269077
0.004509572136 2.307508216
0.00477747029 2.307761429
0.005061283352 2.308029536
0.005361956771 2.308313405
0.005680492162 2.308613952
0.006017950644 2.308932144
0.006375456372 2.309269005
0.006754200286 2.309625615
0.007155444071 2.310003116
0.007580524368 2.310402713
0.008030857221 2.31082568
0.0085079428 2.311273359
0.00901337039 2.311747169
0.009548823692 2.312248607
0.01011608643 2.31277925
0.0107170483 2.313340763
0.01135371124 2.313934902
0.01202819614 2.314563517
0.01274274986 2.315228557
0.01349975275 2.315932077
0.01430172659 2.316676238
0.01515134292 2.317463318
0.01605143204 2.318295711
0.01700499236 2.319175938
0.01801520041 2.320106647
0.01908542144 2.321090622
0.02021922062 2.322130787
0.0214203749 2.323230211
0.02269288563 2.324392114
0.02404099184 2.325619873
0.02546918439 2.326917028
0.02698222095 2.328287282
0.0285851418 2.329734515
0.03028328666 2.33126278
0.03208231245 2.332876314
0.03398821218 2.33457954
0.03600733485 2.33637707
0.03814640664 2.338273708
0.04041255333 2.340274457
0.04281332399 2.342384515
0.04535671616 2.344609281
0.04805120251 2.346954354
0.05090575902 2.349425532
0.0539298949 2.352028809
0.05713368428 2.354770374
0.06052779976 2.357656605
0.06412354796 2.360694065
0.06793290717 2.363889487
0.0719685673 2.367249773
0.0762439721 2.370781974
0.08077336399 2.374493279
0.08557183145 2.378390995
0.09065535934 2.382482529
0.09604088213 2.386775361
0.1017463403 2.391277022
0.10779074 2.395995057
0.1141942168 2.400936998
0.1209781021 2.406110322
0.1281649946 2.41152241
0.1357788357 2.417180503
0.1438449888 2.42309165
0.1523903244 2.429262656
0.1614433089 2.435700024
0.1710341 2.442409891
0.1811946471 2.449397964
0.1919587972 2.456669454
0.2033624085 2.464228997
0.215443469 2.472080584
0.2282422238 2.480227478
0.2418013085 2.488672142
0.2561658917 2.497416152
0.2713838254 2.506460118
0.2875058041 2.515803604
0.3045855341 2.525445046
0.322679912 2.535381682
0.3418492146 2.545609469
0.3621572995 2.556123019
0.3836718178 2.566915538
0.4064644396 2.57797876
0.4306110925 2.589302907
0.456192215 2.600876637
0.4832930239 2.612687021
0.5120037985 2.624719513
0.5424201814 2.63695794
0.5746434969 2.649384498
0.6087810886 2.661979761
0.6449466771 2.674722699
0.6832607387 2.687590703
0.7238509068 2.700559625
0.7668523971 2.713603817
0.8124084578 2.72669619
0.8606708472 2.739808261
0.9118003391 2.752910217
0.965967258 2.765970979
1.023352047 2.778958258
1.084145869 2.791838624
1.148551242 2.804577555
1.216782717 2.817139499
1.289067589 2.829487922
1.365646657 2.841585353
1.446775023 2.853393433
1.532722946 2.864872948
1.623776739 2.875983882
1.720239725 2.886685458
1.822433244 2.896936203
1.930697729 2.906694024
2.045393834 2.91591631
2.166903639 2.924560079
2.295631924 2.932582158
2.432007513 2.939939439
2.576484707 2.946589197
2.729544792 2.952489502
2.891697651 2.957599718
3.063483453 2.961881124
3.245474457 2.965297638
3.438276921 2.967816657
3.642533115 2.969410006
3.858923467 2.97005498
4.088168824 2.969735442
4.331032859 2.968442957
4.58832461 2.966177893
4.860901178 2.962950442
5.149670582 2.958781485
5.455594781 2.953703227
5.779692884 2.947759529
6.12304454 2.941005881
6.486793535 2.933508961
6.872151605 2.92534575
7.280402472 2.916602227
7.712906118 2.907371648
8.171103315 2.897752509
8.656520431 2.887846263
9.170774507 2.877754907
9.715578646 2.867578585
10.29274772 2.857413304
10.90420443 2.847348889
11.55198567 2.83746727
12.23824937 2.827841158
12.96528163 2.818533147
13.73550437 2.809595237
14.5514834 2.801068767
15.41593693 2.792984694
16.33174467 2.785364176
17.30195739 2.778219371
18.32980711 2.7715544
19.41871784 2.765366398
20.57231701 2.759646598
21.79444754 2.754381401
23.08918063 2.749553391
24.46082936 2.745142273
25.91396301 2.741125712
27.45342234 2.73748007
29.08433564 2.734181031
30.81213589 2.731204123
32.6425788 2.728525143
34.58176202 2.72612049
36.63614544 2.723967422
38.81257271 2.722044239
41.11829402 2.720330412
43.56099031 2.718806661
46.14879877 2.717454997
48.89034002 2.716258724
51.79474679 2.715202426
54.87169438 2.714271931
58.13143282 2.713454257
61.58482111 2.712737559
65.2433633 2.712111058
69.11924689 2.711564977
73.22538338 2.711090467
77.5754513 2.710679539
82.18394177 2.710324998
87.06620681 2.710020373
92.23851039 2.709759858
97.71808273 2.709538252
103.5231776 2.709350903
109.6731332 2.709193654
116.1884364 2.709062803
123.0907914 2.708955048
130.4031915 2.708867459
138.1499962 2.708797428
146.3570118 2.708742648
155.051578 2.708701071
164.2626584 2.70867089
174.0209374 2.708650506
184.3589222 2.708638511
195.311051 2.708633665
206.9138081 2.708634876
219.2058451 2.708641189
232.2281096 2.708651764
246.0239821 2.708665869
260.6394198 2.708682863
276.1231104 2.70870219
292.5266337 2.708723366
309.9046339 2.708745971
328.3150013 2.708769644
347.8190651 2.708794074
368.4817983 2.708818992
390.3720333 2.708844171
413.5626918 2.708869417
438.1310275 2.708894566
464.1588834 2.708919482
491.7329646 2.70894405
520.945127 2.708968176
551.8926835 2.708991783
584.6787277 2.70901481
619.4124779 2.709037209
656.2096407 2.709058944
695.1927962 2.709079986
736.4918067 2.709100319
780.2442493 2.709119931
826.5958739 2.709138816
875.7010889 2.709156975
927.7234756 2.709174412
982.8363333 2.709191136
1041.223256 2.709207158
1103.078745 2.709222492
1168.608855 2.709237153
1238.031884 2.709251159
1311.579096 2.709264528
1389.495494 2.70927728
1472.040638 2.709289436
1559.489504 2.709301014
1652.133406 2.709312038
1750.280964 2.709322527
1854.25913 2.709332502
1964.414281 2.709341984
2081.11337 2.709350994
2204.74515 2.709359551
2335.721469 2.709367676
2474.47864 2.709375386
2621.478897 2.709382702
2777.211932 2.709389641
2942.196532 2.70939622
3116.982298 2.709402457
3302.151485 2.709408367
3498.320936 2.709413967
3706.144138 2.709419272
3926.313402 2.709424296
4159.562163 2.709429053
4406.66743 2.709433556
4668.452371 2.709437819
4945.789053 2.709441853
5239.601353 2.70944567
5550.86803 2.709449282
5880.625989 2.709452698
6229.973732 2.70945593
6600.075023 2.709458986
6992.162757 2.709461876
7407.543073 2.709464609
7847.599704 2.709467193
8313.798584 2.709469635
8807.692734 2.709471944
9330.927435 2.709474126
9885.245709 2.709476189
10472.49412 2.709478138
11094.62894 2.70947998
11753.72265 2.709481721
12451.97085 2.709483365
13191.69956 2.709484919
13975.37302 2.709486387
14805.60181 2.709487774
15685.15164 2.709489084
16616.9525 2.709490322
17604.10844 2.709491491
18649.90791 2.709492595
19757.83473 2.709493638
20931.57967 2.709494623
22175.05275 2.709495554
23492.39629 2.709496433
24887.99867 2.709497262
26366.50899 2.709498046
27932.85251 2.709498786
29592.24711 2.709499485
31350.22063 2.709500145
33212.6293 2.709500768
35185.67726 2.709501356
37275.9372 2.709501912
39490.3723 2.709502437
41836.35935 2.709502932
44321.71342 2.7095034
46954.71382 2.709503841
49744.13171 2.709504258
52699.25932 2.709504652
55829.94087 2.709505023
59146.60545 2.709505374
62660.30164 2.709505706
66382.73443 2.709506018
70326.30413 2.709506314
74504.14774 2.709506592
78930.18265 2.709506855
83619.15305 2.709507104
88586.67904 2.709507338
93849.30865 2.70950756
99424.57296 2.709507769
105331.0445 2.709507966
111588.3993 2.709508153
118217.4819 2.709508328
125240.3755 2.709508494
132680.475 2.709508651
140562.5652 2.709508799
148912.9032 2.709508939
157759.3061 2.709509071
167131.2434 2.709509195
177059.9351 2.709509312
187578.4563 2.709509423
198721.8465 2.709509528
210527.2273 2.709509627
223033.925 2.70950972
236283.6026 2.709509808
250320.398 2.709509891
265191.071 2.70950997
280945.1595 2.709510044
297635.1442 2.709510114
315316.6234 2.70951018
334048.4984 2.709510242
353893.1695 2.709510301
374916.7443 2.709510357
397189.2573 2.709510409
420784.9036 2.709510458
445782.286 2.709510505
472264.6769 2.709510549
500320.2954 2.709510591
530042.6016 2.70951063
561530.6077 2.709510667
594889.2078 2.709510702
630229.5275 2.709510735
667669.2939 2.709510766
707333.228 2.709510796
749353.4598 2.709510824
793869.9689 2.70951085
841031.0505 2.709510875
890993.8097 2.709510898
943924.6843 2.70951092
1000000 2.709510941
