w g
0.0001 2.303320766
0.0001059406557 2.303326432
0.0001122342253 2.303332435
0.0001189016742 2.303338795
0.0001259652133 2.303345532
0.000133448373 2.303352669
0.0001413760814 2.30336023
0.0001497747476 2.303368241
0.0001586723497 2.303376727
0.0001680985277 2.303385716
0.0001780846825 2.30339524
0.0001886640804 2.30340533
0.0001998719639 2.303416018
0.0002117456691 2.303427341
0.0002243247503 2.303439337
0.0002376511114 2.303452045
0.0002517691457 2.303465507
0.0002667258838 2.303479769
0.0002825711503 2.303494877
0.0002993577295 2.303510883
0.0003171415415 2.303527839
0.0003359818286 2.303545801
0.0003559413523 2.30356483
0.0003770866026 2.303584988
0.0003994880194 2.303606343
0.0004232202272 2.303628966
0.0004483622838 2.303652931
0.0004749979435 2.303678319
0.0005032159359 2.303705213
0.0005331102622 2.303733704
0.0005647805074 2.303763885
0.0005983321729 2.303795857
0.0006338770273 2.303829726
0.0006715334791 2.303865604
0.0007114269711 2.303903611
0.0007536903981 2.303943872
0.0007984645498 2.303986522
0.0008458985797 2.304031701
0.0008961505019 2.304079559
0.0009493877179 2.304130255
0.001005787574 2.304183957
0.001065537951 2.304240843
0.001128837892 2.304301101
0.001195898264 2.30436493
0.001266942463 2.304432541
0.001342207153 2.304504159
0.001421943059 2.304580019
0.0015064158 2.304660373
0.001595906776 2.304745485
0.001690714103 2.304835638
0.001791153607 2.304931127
0.001897559877 2.305032268
0.002010287376 2.305139394
0.002129711628 2.305252858
0.002256230463 2.305373032
0.002390265347 2.305500313
0.002532262782 2.305635118
0.002682695795 2.30577789
0.002842065516 2.305929096
0.003010902844 2.306089233
0.003189770215 2.306258824
0.003379263482 2.306438424
0.003580013891 2.30662862
0.003792690191 2.306830031
0.004018000857 2.307043314
0.004256696455 2.307269164
0.004509572136 2.307508313
0.00477747029 2.307761538
0.005061283352 2.308029659
0.005361956771 2.308313543
0.005680492162 2.308614106
0.006017950644 2.308932317
0.006375456372 2.309269199
0.006754200286 2.309625834
0.007155444071 2.310003361
0.007580524368 2.310402989
0.008030857221 2.310825989
0.0085079428 2.311273707
0.00901337039 2.31174756
0.009548823692 2.312249045
0.01011608643 2.312779742
0.0107170483 2.313341315
0.01135371124 2.313935522
0.01202819614 2.314564213
0.01274274986 2.315229339
0.01349975275 2.315932955
0.01430172659 2.316677224
0.01515134292 2.317464425
0.01605143204 2.318296955
0.01700499236 2.319177335
0.01801520041 2.320108216
0.01908542144 2.321092384
0.02021922062 2.322132766
0.0214203749 2.323232434
0.02269288563 2.324394612
0.02404099184 2.325622679
0.02546918439 2.32692018
0.02698222095 2.328290824
0.0285851418 2.329738494
0.03028328666 2.331267251
0.03208231245 2.332881339
0.03398821218 2.334585187
0.03600733485 2.336383416
0.03814640664 2.338280842
0.04041255333 2.340282475
0.04281332399 2.342393529
0.04535671616 2.344619415
0.04805120251 2.346965749
0.05090575902 2.349438345
0.0539298949 2.352043218
0.05713368428 2.354786579
0.06052779976 2.357674833
0.06412354796 2.36071457
0.06793290717 2.363912556
0.0719685673 2.36727573
0.0762439721 2.370811184
0.08077336399 2.374526154
0.08557183145 2.378428
0.09065535934 2.382524188
0.09604088213 2.386822266
0.1017463403 2.39132984
0.10779074 2.396054544
0.1141942168 2.401004006
0.1209781021 2.406185813
0.1281649946 2.411607471
0.1357788357 2.417276363
0.1438449888 2.423199697
0.1523903244 2.429384461
0.1614433089 2.435837361
0.1710341 2.442564766
0.1811946471 2.449572649
0.1919587972 2.456866515
0.2033624085 2.464451339
0.215443469 2.472331491
0.2282422238 2.480510669
0.2418013085 2.488991824
0.2561658917 2.497777085
0.2713838254 2.506867689
0.2875058041 2.51626391
0.3045855341 2.525964988
0.322679912 2.535969067
0.3418492146 2.546273132
0.3621572995 2.556872958
0.3836718178 2.567763062
0.4064644396 2.578936663
0.4306110925 2.590385658
0.456192215 2.602100598
0.4832930239 2.614070686
0.5120037985 2.626283783
0.5424201814 2.638726429
0.5746434969 2.651383873
0.6087810886 2.664240127
0.6449466771 2.677278023
0.6832607387 2.690479293
0.7238509068 2.70382466
0.7668523971 2.717293937
0.8124084578 2.730866147
0.8606708472 2.744519645
0.9118003391 2.758232255
0.965967258 2.771981412
1.023352047 2.785744308
1.084145869 2.799498042
1.148551242 2.813219777
1.216782717 2.826886886
1.289067589 2.840477104
1.365646657 2.853968669
1.446775023 2.86734046
1.532722946 2.880572122
1.623776739 2.893644188
1.720239725 2.90653818
1.822433244 2.919236704
1.930697729 2.93172353
2.045393834 2.943983656
2.166903639 2.95600336
2.295631924 2.967770236
2.432007513 2.979273219
2.576484707 2.99050259
2.729544792 3.001449978
2.891697651 3.012108339
3.063483453 3.022471934
3.245474457 3.032536289
3.438276921 3.042298152
3.642533115 3.051755439
3.858923467 3.060907177
4.088168824 3.069753438
4.331032859 3.078295271
4.58832461 3.086534634
4.860901178 3.094474318
5.149670582 3.102117878
5.455594781 3.109469556
5.779692884 3.116534211
6.12304454 3.123317248
6.486793535 3.129824551
6.872151605 3.136062415
7.280402472 3.142037485
7.712906118 3.147756695
8.171103315 3.153227214
8.656520431 3.158456394
9.170774507 3.16345172
9.715578646 3.168220766
10.29274772 3.172771155
10.90420443 3.177110523
11.55198567 3.181246483
12.23824937 3.185186597
12.96528163 3.188938349
13.73550437 3.192509123
14.5514834 3.195906181
15.41593693 3.199136645
16.33174467 3.202207484
17.30195739 3.205125502
18.32980711 3.207897324
19.41871784 3.210529391
20.57231701 3.213027955
21.79444754 3.215399069
23.08918063 3.217648589
24.46082936 3.21978217
25.91396301 3.221805264
27.45342234 3.223723124
29.08433564 3.225540801
30.81213589 3.227263149
32.6425788 3.228894829
34.58176202 3.230440307
36.63614544 3.231903864
38.81257271 3.233289597
41.11829402 3.234601424
43.56099031 3.235843089
46.14879877 3.237018169
48.89034002 3.238130076
51.79474679 3.239182065
54.87169438 3.240177237
58.13143282 3.241118548
61.58482111 3.242008812
65.2433633 3.242850706
69.11924689 3.243646777
73.22538338 3.244399447
77.5754513 3.245111017
82.18394177 3.245783673
87.06620681 3.246419492
92.23851039 3.247020444
97.71808273 3.247588401
103.5231776 3.248125137
109.6731332 3.248632336
116.1884364 3.249111593
123.0907914 3.249564421
130.4031915 3.249992255
138.1499962 3.250396453
146.3570118 3.250778302
155.051578 3.251139022
164.2626584 3.251479766
174.0209374 3.251801628
184.3589222 3.252105641
195.311051 3.252392786
206.9138081 3.252663989
219.2058451 3.252920126
232.2281096 3.253162027
246.0239821 3.253390476
260.6394198 3.253606216
276.1231104 3.253809948
292.5266337 3.254002336
309.9046339 3.254184007
328.3150013 3.254355555
347.8190651 3.254517539
368.4817983 3.254670491
390.3720333 3.254814912
413.5626918 3.254951274
438.1310275 3.255080025
464.1588834 3.255201589
491.7329646 3.255316364
520.945127 3.255424729
551.8926835 3.25552704
584.6787277 3.255623634
619.4124779 3.255714829
656.2096407 3.255800926
695.1927962 3.25588221
736.4918067 3.255958949
780.2442493 3.256031396
826.5958739 3.25609979
875.7010889 3.256164358
927.7234756 3.256225314
982.8363333 3.256282858
1041.223256 3.256337182
1103.078745 3.256388466
1168.608855 3.256436879
1238.031884 3.256482582
1311.579096 3.256525725
1389.495494 3.256566454
1472.040638 3.256604901
1559.489504 3.256641195
1652.133406 3.256675457
1750.280964 3.2567078
1854.25913 3.256738331
1964.414281 3.256767152
2081.11337 3.256794358
2204.74515 3.25682004
2335.721469 3.256844284
2474.47864 3.256867168
2621.478897 3.256888771
2777.211932 3.256909163
2942.196532 3.256928413
3116.982298 3.256946584
3302.151485 3.256963736
3498.320936 3.256979927
3706.144138 3.256995211
3926.313402 3.257009638
4159.562163 3.257023257
4406.66743 3.257036112
4668.452371 3.257048247
4945.789053 3.257059702
5239.601353 3.257070514
5550.86803 3.257080721
5880.625989 3.257090355
6229.973732 3.257099449
6600.075023 3.257108033
6992.162757 3.257116137
7407.543073 3.257123786
7847.599704 3.257131006
8313.798584 3.257137821
8807.692734 3.257144254
9330.927435 3.257150327
9885.245709 3.257156059
10472.49412 3.25716147
11094.62894 3.257166577
11753.72265 3.257171398
12451.97085 3.257175949
13191.69956 3.257180245
13975.37302 3.257184299
14805.60181 3.257188127
15685.15164 3.25719174
16616.9525 3.25719515
17604.10844 3.257198369
18649.90791 3.257201408
19757.83473 3.257204276
20931.57967 3.257206983
22175.05275 3.257209539
23492.39629 3.257211951
24887.99867 3.257214228
26366.50899 3.257216378
27932.85251 3.257218406
29592.24711 3.257220321
31350.22063 3.257222129
33212.6293 3.257223836
35185.67726 3.257225446
37275.9372 3.257226967
39490.3723 3.257228402
41836.35935 3.257229756
44321.71342 3.257231035
46954.71382 3.257232242
49744.13171 3.257233381
52699.25932 3.257234457
55829.94087 3.257235472
59146.60545 3.25723643
62660.30164 3.257237334
66382.73443 3.257238188
70326.30413 3.257238994
74504.14774 3.257239755
78930.18265 3.257240473
83619.15305 3.25724115
88586.67904 3.25724179
93849.30865 3.257242394
99424.57296 3.257242964
105331.0445 3.257243502
111588.3993 3.25724401
118217.4819 3.257244489
125240.3755 3.257244942
132680.475 3.257245369
140562.5652 3.257245772
148912.9032 3.257246153
157759.3061 3.257246512
167131.2434 3.257246851
177059.9351 3.257247171
187578.4563 3.257247473
198721.8465 3.257247759
210527.2273 3.257248028
223033.925 3.257248282
236283.6026 3.257248522
250320.398 3.257248748
265191.071 3.257248962
280945.1595 3.257249164
297635.1442 3.257249354
315316.6234 3.257249534
334048.4984 3.257249704
353893.1695 3.257249864
374916.7443 3.257250015
397189.2573 3.257250158
420784.9036 3.257250292
445782.286 3.257250419
472264.6769 3.257250539
500320.2954 3.257250653
530042.6016 3.25725076
561530.6077 3.257250861
594889.2078 3.257250956
630229.5275 3.257251046
667669.2939 3.257251131
707333.228 3.257251211
749353.4598 3.257251286
793869.9689 3.257251358
841031.0505 3.257251425
890993.8097 3.257251489
943924.6843 3.257251549
1000000 3.257251605
