T kht kdt
3 2.300406671 1.47856517
3.213836478 2.307029276 1.480031901
3.427672956 2.313669099 1.481496344
3.641509434 2.320326081 1.482958473
3.855345912 2.327000165 1.484418263
4.06918239 2.333691291 1.48587569
4.283018868 2.340399398 1.487330727
4.496855346 2.347124427 1.488783352
4.710691824 2.353866316 1.490233538
4.924528302 2.360625004 1.491681263
5.13836478 2.367400427 1.493126501
5.352201258 2.374192523 1.49456923
5.566037736 2.381001228 1.496009426
5.779874214 2.387826478 1.497447066
5.993710692 2.394668207 1.498882126
6.20754717 2.401526351 1.500314584
6.421383648 2.408400844 1.501744417
6.635220126 2.415291618 1.503171604
6.849056604 2.422198606 1.504596121
7.062893082 2.42912174 1.506017947
7.27672956 2.436060952 1.507437061
7.490566038 2.443016173 1.508853441
7.704402516 2.449987333 1.510267066
7.918238994 2.456974361 1.511677914
8.132075472 2.463977187 1.513085967
8.34591195 2.470995739 1.514491202
8.559748428 2.478029946 1.5158936
8.773584906 2.485079735 1.517293141
8.987421384 2.492145031 1.518689805
9.201257862 2.499225763 1.520083572
9.41509434 2.506321855 1.521474424
9.628930818 2.513433232 1.522862341
9.842767296 2.520559819 1.524247305
10.05660377 2.527701541 1.525629296
10.27044025 2.534858319 1.527008298
10.48427673 2.542030078 1.528384291
10.69811321 2.54921674 1.529757258
10.91194969 2.556418226 1.531127181
11.12578616 2.563634457 1.532494043
11.33962264 2.570865355 1.533857826
11.55345912 2.578110839 1.535218515
11.7672956 2.58537083 1.536576091
11.98113208 2.592645245 1.537930539
12.19496855 2.599934004 1.539281843
12.40880503 2.607237025 1.540629986
12.62264151 2.614554225 1.541974954
12.83647799 2.621885521 1.543316729
13.05031447 2.62923083 1.544655297
13.26415094 2.636590068 1.545990644
13.47798742 2.643963149 1.547322753
13.6918239 2.65134999 1.548651612
13.90566038 2.658750505 1.549977204
14.11949686 2.666164607 1.551299517
14.33333333 2.67359221 1.552618535
14.54716981 2.681033228 1.553934247
14.76100629 2.688487572 1.555246637
14.97484277 2.695955155 1.556555694
15.18867925 2.703435888 1.557861403
15.40251572 2.710929682 1.559163753
15.6163522 2.718436448 1.56046273
15.83018868 2.725956097 1.561758323
16.04402516 2.733488537 1.563050519
16.25786164 2.741033679 1.564339306
16.47169811 2.74859143 1.565624673
16.68553459 2.7561617 1.566906608
16.89937107 2.763744397 1.568185101
17.11320755 2.771339427 1.569460139
17.32704403 2.778946698 1.570731713
17.5408805 2.786566116 1.571999811
17.75471698 2.794197588 1.573264424
17.96855346 2.80184102 1.574525542
18.18238994 2.809496317 1.575783153
18.39622642 2.817163383 1.57703725
18.61006289 2.824842124 1.578287821
18.82389937 2.832532444 1.579534859
19.03773585 2.840234246 1.580778353
19.25157233 2.847947434 1.582018295
19.46540881 2.855671911 1.583254677
19.67924528 2.863407579 1.58448749
19.89308176 2.871154341 1.585716725
20.10691824 2.878912099 1.586942375
20.32075472 2.886680753 1.588164432
20.53459119 2.894460206 1.589382887
20.74842767 2.902250358 1.590597735
20.96226415 2.91005111 1.591808967
21.17610063 2.917862361 1.593016577
21.38993711 2.925684011 1.594220558
21.60377358 2.93351596 1.595420902
21.81761006 2.941358107 1.596617605
22.03144654 2.94921035 1.597810658
22.24528302 2.957072589 1.599000057
22.4591195 2.96494472 1.600185796
22.67295597 2.972826642 1.601367868
22.88679245 2.980718253 1.602546269
23.10062893 2.98861945 1.603720993
23.31446541 2.996530128 1.604892035
23.52830189 3.004450186 1.60605939
23.74213836 3.01237952 1.607223054
23.95597484 3.020318024 1.608383021
24.16981132 3.028265596 1.609539288
24.3836478 3.036222131 1.610691851
24.59748428 3.044187523 1.611840704
24.81132075 3.052161669 1.612985846
25.02515723 3.060144462 1.614127271
25.23899371 3.068135796 1.615264976
25.45283019 3.076135568 1.616398959
25.66666667 3.084143669 1.617529216
25.88050314 3.092159994 1.618655744
26.09433962 3.100184437 1.619778541
26.3081761 3.10821689 1.620897603
26.52201258 3.116257248 1.622012928
26.73584906 3.124305402 1.623124515
26.94968553 3.132361245 1.624232361
27.16352201 3.14042467 1.625336463
27.37735849 3.148495568 1.626436821
27.59119497 3.156573833 1.627533433
27.80503145 3.164659356 1.628626297
28.01886792 3.172752029 1.629715412
28.2327044 3.180851742 1.630800777
28.44654088 3.188958388 1.631882391
28.66037736 3.197071857 1.632960253
28.87421384 3.205192042 1.634034363
29.08805031 3.213318831 1.635104719
29.30188679 3.221452117 1.636171322
29.51572327 3.22959179 1.637234172
29.72955975 3.23773774 1.638293267
29.94339623 3.245889857 1.63934861
30.1572327 3.254048032 1.640400199
30.37106918 3.262212155 1.641448035
30.58490566 3.270382116 1.642492118
30.79874214 3.278557804 1.64353245
31.01257862 3.28673911 1.644569031
31.22641509 3.294925922 1.645601862
31.44025157 3.303118131 1.646630944
31.65408805 3.311315626 1.647656279
31.86792453 3.319518296 1.648677867
32.08176101 3.327726031 1.649695711
32.29559748 3.335938719 1.650709811
32.50943396 3.344156251 1.65172017
32.72327044 3.352378514 1.65272679
32.93710692 3.360605399 1.653729672
33.1509434 3.368836793 1.654728819
33.36477987 3.377072587 1.655724233
33.57861635 3.385312668 1.656715916
33.79245283 3.393556927 1.657703871
34.00628931 3.40180525 1.658688101
34.22012579 3.410057529 1.659668608
34.43396226 3.41831365 1.660645395
34.64779874 3.426573504 1.661618465
34.86163522 3.434836978 1.662587822
35.0754717 3.443103962 1.663553468
35.28930818 3.451374344 1.664515407
35.50314465 3.459648013 1.665473643
35.71698113 3.467924859 1.666428178
35.93081761 3.476204769 1.667379018
36.14465409 3.484487632 1.668326164
36.35849057 3.492773339 1.669269622
36.57232704 3.501061776 1.670209396
36.78616352 3.509352834 1.671145489
37 3.517646402 1.672077905
