T kht kdt
3 2.295577525 1.47711775
3.213836478 2.302388296 1.478647667
3.427672956 2.309215808 1.480174717
3.641509434 2.316059967 1.481698866
3.855345912 2.32292068 1.483220082
4.06918239 2.329797851 1.484738331
4.283018868 2.336691383 1.486253581
4.496855346 2.34360118 1.487765801
4.710691824 2.350527143 1.489274957
4.924528302 2.357469174 1.49078102
5.13836478 2.364427173 1.492283956
5.352201258 2.371401039 1.493783737
5.566037736 2.37839067 1.49528033
5.779874214 2.385395963 1.496773706
5.993710692 2.392416816 1.498263834
6.20754717 2.399453123 1.499750685
6.421383648 2.40650478 1.50123423
6.635220126 2.41357168 1.502714438
6.849056604 2.420653716 1.504191282
7.062893082 2.42775078 1.505664733
7.27672956 2.434862763 1.507134763
7.490566038 2.441989556 1.508601343
7.704402516 2.449131047 1.510064446
7.918238994 2.456287127 1.511524045
8.132075472 2.463457681 1.512980113
8.34591195 2.470642598 1.514432622
8.559748428 2.477841762 1.515881548
8.773584906 2.48505506 1.517326863
8.987421384 2.492282375 1.518768541
9.201257862 2.499523592 1.520206558
9.41509434 2.506778592 1.521640889
9.628930818 2.514047257 1.523071507
9.842767296 2.521329468 1.524498389
10.05660377 2.528625107 1.525921511
10.27044025 2.535934051 1.527340849
10.48427673 2.54325618 1.528756378
10.69811321 2.550591371 1.530168076
10.91194969 2.557939502 1.53157592
11.12578616 2.565300448 1.532979887
11.33962264 2.572674085 1.534379955
11.55345912 2.580060287 1.535776101
11.7672956 2.587458929 1.537168303
11.98113208 2.594869884 1.538556542
12.19496855 2.602293024 1.539940794
12.40880503 2.60972822 1.54132104
12.62264151 2.617175344 1.542697258
12.83647799 2.624634266 1.544069429
13.05031447 2.632104854 1.545437533
13.26415094 2.639586979 1.546801549
13.47798742 2.647080507 1.54816146
13.6918239 2.654585307 1.549517245
13.90566038 2.662101244 1.550868886
14.11949686 2.669628185 1.552216365
14.33333333 2.677165994 1.553559663
14.54716981 2.684714537 1.554898763
14.76100629 2.692273677 1.556233647
14.97484277 2.699843278 1.557564298
15.18867925 2.707423201 1.558890699
15.40251572 2.715013309 1.560212834
15.6163522 2.722613463 1.561530685
15.83018868 2.730223524 1.562844238
16.04402516 2.737843352 1.564153477
16.25786164 2.745472805 1.565458386
16.47169811 2.753111744 1.566758949
16.68553459 2.760760025 1.568055153
16.89937107 2.768417507 1.569346982
17.11320755 2.776084046 1.570634422
17.32704403 2.783759499 1.57191746
17.5408805 2.791443722 1.573196082
17.75471698 2.79913657 1.574470274
17.96855346 2.806837897 1.575740023
18.18238994 2.814547558 1.577005317
18.39622642 2.822265407 1.578266142
18.61006289 2.829991296 1.579522487
18.82389937 2.837725079 1.58077434
19.03773585 2.845466607 1.582021689
19.25157233 2.853215731 1.583264523
19.46540881 2.860972303 1.58450283
19.67924528 2.868736174 1.5857366
19.89308176 2.876507193 1.586965821
20.10691824 2.884285211 1.588190485
20.32075472 2.892070076 1.589410581
20.53459119 2.899861637 1.590626098
20.74842767 2.907659742 1.591837028
20.96226415 2.915464239 1.593043362
21.17610063 2.923274977 1.594245089
21.38993711 2.9310918 1.595442203
21.60377358 2.938914558 1.596634694
21.81761006 2.946743094 1.597822553
22.03144654 2.954577256 1.599005775
22.24528302 2.962416889 1.600184349
22.4591195 2.970261838 1.60135827
22.67295597 2.978111948 1.60252753
22.88679245 2.985967062 1.603692123
23.10062893 2.993827026 1.60485204
23.31446541 3.001691682 1.606007278
23.52830189 3.009560875 1.607157828
23.74213836 3.017434447 1.608303685
23.95597484 3.025312241 1.609444845
24.16981132 3.033194099 1.6105813
24.3836478 3.041079865 1.611713047
24.59748428 3.048969379 1.612840079
24.81132075 3.056862483 1.613962394
25.02515723 3.064759019 1.615079985
25.23899371 3.072658829 1.61619285
25.45283019 3.080561752 1.617300984
25.66666667 3.08846763 1.618404383
25.88050314 3.096376303 1.619503043
26.09433962 3.104287611 1.620596963
26.3081761 3.112201395 1.621686138
26.52201258 3.120117495 1.622770566
26.73584906 3.12803575 1.623850244
26.94968553 3.135956 1.62492517
27.16352201 3.143878084 1.625995341
27.37735849 3.151801842 1.627060757
27.59119497 3.159727113 1.628121414
27.80503145 3.167653736 1.629177312
28.01886792 3.175581549 1.63022845
28.2327044 3.183510392 1.631274825
28.44654088 3.191440103 1.632316439
28.66037736 3.199370522 1.633353289
28.87421384 3.207301486 1.634385375
29.08805031 3.215232833 1.635412698
29.30188679 3.223164404 1.636435256
29.51572327 3.231096035 1.637453051
29.72955975 3.239027566 1.638466083
29.94339623 3.246958834 1.639474352
30.1572327 3.254889678 1.640477859
30.37106918 3.262819937 1.641476605
30.58490566 3.270749448 1.64247059
30.79874214 3.27867805 1.643459818
31.01257862 3.286605582 1.644444288
31.22641509 3.294531881 1.645424003
31.44025157 3.302456787 1.646398965
31.65408805 3.310380138 1.647369175
31.86792453 3.318301772 1.648334636
32.08176101 3.326221528 1.64929535
32.29559748 3.334139244 1.65025132
32.50943396 3.342054761 1.651202549
32.72327044 3.349967916 1.65214904
32.93710692 3.357878548 1.653090795
33.1509434 3.365786498 1.654027819
33.36477987 3.373691604 1.654960114
33.57861635 3.381593705 1.655887685
33.79245283 3.389492642 1.656810534
34.00628931 3.397388253 1.657728666
34.22012579 3.40528038 1.658642086
34.43396226 3.413168862 1.659550796
34.64779874 3.421053539 1.660454803
34.86163522 3.428934253 1.66135411
35.0754717 3.436810843 1.662248722
35.28930818 3.444683151 1.663138644
35.50314465 3.452551018 1.664023881
35.71698113 3.460414286 1.664904439
35.93081761 3.468272796 1.665780322
36.14465409 3.47612639 1.666651536
36.35849057 3.48397491 1.667518086
36.57232704 3.491818199 1.66837998
36.78616352 3.4996561 1.669237221
37 3.507488455 1.670089817
