T kht kdt
3 1.788712739 1.355034296
3.213836478 1.787777474 1.354436093
3.427672956 1.786843797 1.353839527
3.641509434 1.785911705 1.353244592
3.855345912 1.784981195 1.352651283
4.06918239 1.784052264 1.352059595
4.283018868 1.783124908 1.35146952
4.496855346 1.782199124 1.350881054
4.710691824 1.78127491 1.350294191
4.924528302 1.780352261 1.349708924
5.13836478 1.779431174 1.349125248
5.352201258 1.778511647 1.348543157
5.566037736 1.777593676 1.347962647
5.779874214 1.776677257 1.34738371
5.993710692 1.775762389 1.346806342
6.20754717 1.774849067 1.346230537
6.421383648 1.773937289 1.345656288
6.635220126 1.773027051 1.345083592
6.849056604 1.77211835 1.344512442
7.062893082 1.771211184 1.343942833
7.27672956 1.770305548 1.343374758
7.490566038 1.76940144 1.342808213
7.704402516 1.768498857 1.342243193
7.918238994 1.767597796 1.341679692
8.132075472 1.766698254 1.341117704
8.34591195 1.765800227 1.340557225
8.559748428 1.764903712 1.339998248
8.773584906 1.764008707 1.339440769
8.987421384 1.763115209 1.338884782
9.201257862 1.762223214 1.338330282
9.41509434 1.76133272 1.337777264
9.628930818 1.760443723 1.337225722
9.842767296 1.75955622 1.336675652
10.05660377 1.758670209 1.336127048
10.27044025 1.757785687 1.335579905
10.48427673 1.75690265 1.335034217
10.69811321 1.756021095 1.334489981
10.91194969 1.75514102 1.33394719
11.12578616 1.754262422 1.33340584
11.33962264 1.753385298 1.332865925
11.55345912 1.752509645 1.332327441
11.7672956 1.751635459 1.331790383
11.98113208 1.750762739 1.331254744
12.19496855 1.74989148 1.330720523
12.40880503 1.749021681 1.330187711
12.62264151 1.748153338 1.329656305
12.83647799 1.747286449 1.3291263
13.05031447 1.746421011 1.328597691
13.26415094 1.74555702 1.328070474
13.47798742 1.744694474 1.327544642
13.6918239 1.74383337 1.327020192
13.90566038 1.742973705 1.326497119
14.11949686 1.742115477 1.325975418
14.33333333 1.741258683 1.325455084
14.54716981 1.740403319 1.324936113
14.76100629 1.739549384 1.324418499
14.97484277 1.738696873 1.323902238
15.18867925 1.737845785 1.323387326
15.40251572 1.736996117 1.322873758
15.6163522 1.736147866 1.322361529
15.83018868 1.735301028 1.321850635
16.04402516 1.734455602 1.32134107
16.25786164 1.733611585 1.320832831
16.47169811 1.732768974 1.320325913
16.68553459 1.731927766 1.319820311
16.89937107 1.731087958 1.319316021
17.11320755 1.730249548 1.318813039
17.32704403 1.729412534 1.318311358
17.5408805 1.728576911 1.317810977
17.75471698 1.727742678 1.31731189
17.96855346 1.726909832 1.316814092
18.18238994 1.726078371 1.316317579
18.39622642 1.725248291 1.315822347
18.61006289 1.72441959 1.315328392
18.82389937 1.723592265 1.314835708
19.03773585 1.722766314 1.314344292
19.25157233 1.721941733 1.31385414
19.46540881 1.721118522 1.313365247
19.67924528 1.720296675 1.312877609
19.89308176 1.719476192 1.312391221
20.10691824 1.71865707 1.31190608
20.32075472 1.717839305 1.311422181
20.53459119 1.717022896 1.31093952
20.74842767 1.716207839 1.310458093
20.96226415 1.715394133 1.309977895
21.17610063 1.714581774 1.309498923
21.38993711 1.713770759 1.309021172
21.60377358 1.712961088 1.308544639
21.81761006 1.712152756 1.308069319
22.03144654 1.711345761 1.307595208
22.24528302 1.710540101 1.307122302
22.4591195 1.709735773 1.306650597
22.67295597 1.708932775 1.306180088
22.88679245 1.708131103 1.305710773
23.10062893 1.707330757 1.305242647
23.31446541 1.706531732 1.304775705
23.52830189 1.705734027 1.304309945
23.74213836 1.704937639 1.303845362
23.95597484 1.704142565 1.303381952
24.16981132 1.703348803 1.302919711
24.3836478 1.702556352 1.302458635
24.59748428 1.701765206 1.301998721
24.81132075 1.700975366 1.301539964
25.02515723 1.700186828 1.301082362
25.23899371 1.699399589 1.300625909
25.45283019 1.698613648 1.300170602
25.66666667 1.697829001 1.299716437
25.88050314 1.697045646 1.299263411
26.09433962 1.696263582 1.29881152
26.3081761 1.695482804 1.29836076
26.52201258 1.694703312 1.297911127
26.73584906 1.693925102 1.297462617
26.94968553 1.693148173 1.297015227
27.16352201 1.692372521 1.296568954
27.37735849 1.691598144 1.296123792
27.59119497 1.690825041 1.29567974
27.80503145 1.690053208 1.295236793
28.01886792 1.689282643 1.294794947
28.2327044 1.688513344 1.294354199
28.44654088 1.687745308 1.293914545
28.66037736 1.686978533 1.293475982
28.87421384 1.686213017 1.293038506
29.08805031 1.685448757 1.292602114
29.30188679 1.684685751 1.292166801
29.51572327 1.683923997 1.291732565
29.72955975 1.683163492 1.291299402
29.94339623 1.682404234 1.290867308
30.1572327 1.68164622 1.290436281
30.37106918 1.680889448 1.290006315
30.58490566 1.680133917 1.289577409
30.79874214 1.679379623 1.289149558
31.01257862 1.678626564 1.28872276
31.22641509 1.677874738 1.288297011
31.44025157 1.677124143 1.287872306
31.65408805 1.676374777 1.287448643
31.86792453 1.675626636 1.287026019
32.08176101 1.674879719 1.28660443
32.29559748 1.674134024 1.286183873
32.50943396 1.673389548 1.285764344
32.72327044 1.672646288 1.285345841
32.93710692 1.671904244 1.284928359
33.1509434 1.671163412 1.284511896
33.36477987 1.67042379 1.284096449
33.57861635 1.669685376 1.283682012
33.79245283 1.668948168 1.283268585
34.00628931 1.668212163 1.282856164
34.22012579 1.667477359 1.282444744
34.43396226 1.666743754 1.282034324
34.64779874 1.666011346 1.2816249
34.86163522 1.665280132 1.281216467
35.0754717 1.664550111 1.280809025
35.28930818 1.66382128 1.280402569
35.50314465 1.663093637 1.279997096
35.71698113 1.662367179 1.279592602
35.93081761 1.661641905 1.279189086
36.14465409 1.660917812 1.278786543
36.35849057 1.660194898 1.278384971
36.57232704 1.659473161 1.277984367
36.78616352 1.658752599 1.277584727
37 1.658033209 1.277186048
