s expo off
0.01 2.852634 -0.04208610
0.010489 2.852957 -0.04208610
0.011002 2.853296 -0.04208610
0.01154 2.853651 -0.04208610
0.0121044 2.854023 -0.04208610
0.0126964 2.854412 -0.04208610
0.0133173 2.854820 -0.04208610
0.0139685 2.855247 -0.04208610
0.0146516 2.855694 -0.04208610
0.0153682 2.856162 -0.04208610
0.0161197 2.856652 -0.04208610
0.0169081 2.857165 -0.04208610
0.0177349 2.857702 -0.04208610
0.0186022 2.858264 -0.04208610
0.019512 2.858852 -0.04208610
0.0204662 2.859467 -0.04208610
0.0214671 2.860111 -0.04208610
0.0225169 2.860784 -0.04208610
0.0236181 2.861489 -0.04208610
0.0247731 2.862225 -0.04208610
0.0259846 2.862995 -0.04208610
0.0272553 2.863800 -0.04208610
0.0285882 2.864642 -0.04208610
0.0299863 2.865522 -0.04208610
0.0314528 2.866441 -0.04208610
0.0329909 2.867402 -0.04208610
0.0346043 2.868405 -0.04208610
0.0362966 2.869453 -0.04208610
0.0380717 2.870547 -0.04208610
0.0399335 2.871690 -0.04208610
0.0418865 2.872882 -0.04208610
0.0439349 2.874127 -0.04208610
0.0460835 2.875425 -0.04208610
0.0483371 2.876779 -0.04208610
0.050701 2.878191 -0.04208610
0.0531805 2.879664 -0.04208610
0.0557813 2.881198 -0.04208610
0.0585092 2.882796 -0.04208610
0.0613705 2.884461 -0.04208610
0.0643718 2.886195 -0.04208610
0.0675198 2.888000 -0.04208610
0.0708218 2.889878 -0.04208610
0.0742853 2.891831 -0.04208610
0.0779182 2.893862 -0.04208610
0.0817287 2.895973 -0.04208610
0.0857256 2.898167 -0.04208610
0.0899179 2.900444 -0.04208610
0.0943153 2.902809 -0.04208610
0.0989277 2.905263 -0.04208610
0.103766 2.907808 -0.04208610
0.10884 2.910446 -0.04208610
0.114163 2.913179 -0.04208610
0.119746 2.916010 -0.04208610
0.125602 2.918940 -0.04208610
0.131744 2.921971 -0.04208610
0.138187 2.925104 -0.04208610
0.144945 2.928342 -0.04208610
0.152034 2.931685 -0.04208610
0.159469 2.935135 -0.04208610
0.167267 2.938693 -0.04208610
0.175447 2.942360 -0.04208610
0.184028 2.946137 -0.04208610
0.193027 2.950023 -0.04208610
0.202467 2.954020 -0.04208610
0.212369 2.958127 -0.04208610
0.222754 2.962344 -0.04208610
0.233648 2.966671 -0.04208610
0.245074 2.971106 -0.04208610
0.257059 2.975649 -0.04208610
0.269631 2.980298 -0.04208610
0.282817 2.985051 -0.04208610
0.296648 2.989907 -0.04208610
0.311155 2.994864 -0.04208610
0.326372 2.999917 -0.04208610
0.342333 3.005065 -0.04208610
0.359074 3.010304 -0.04208610
0.376634 3.015631 -0.04208610
0.395053 3.021040 -0.04208610
0.414373 3.026529 -0.04208610
0.434637 3.032092 -0.04208610
0.455893 3.037724 -0.04208610
0.478188 3.043421 -0.04208610
0.501573 3.049176 -0.04208610
0.526102 3.054984 -0.04208610
0.551831 3.060839 -0.04208610
0.578818 3.066735 -0.04208610
0.607124 3.072665 -0.04208610
0.636815 3.078623 -0.04208610
0.667958 3.084603 -0.04208610
0.700624 3.090597 -0.04208610
0.734887 3.096598 -0.04208610
0.770826 3.102601 -0.04208610
0.808523 3.108598 -0.04208610
0.848063 3.114582 -0.04208610
0.889537 3.120546 -0.04208610
0.933039 3.126484 -0.04208610
0.978668 3.132390 -0.04208610
1.02653 3.138257 -0.04208610
1.07673 3.144078 -0.04208610
1.12939 3.149847 -0.04208610
1.18462 3.155560 -0.04208610
1.24255 3.161210 -0.04208610
1.30332 3.166792 -0.04208610
1.36705 3.172301 -0.04208610
1.43391 3.177732 -0.04208610
1.50403 3.183081 -0.04208610
1.57759 3.188343 -0.04208610
1.65474 3.193516 -0.04208610
1.73566 3.198595 -0.04208610
1.82054 3.203577 -0.04208610
1.90957 3.208460 -0.04208610
2.00296 3.213241 -0.04208610
2.10091 3.217918 -0.04208610
2.20366 3.222489 -0.04208610
2.31142 3.226953 -0.04208610
2.42446 3.231309 -0.04208610
2.54303 3.235555 -0.04208610
2.66739 3.239691 -0.04208610
2.79784 3.243717 -0.04208610
2.93466 3.247633 -0.04208610
3.07818 3.251438 -0.04208610
3.22872 3.255134 -0.04208610
3.38662 3.258721 -0.04208610
3.55223 3.262200 -0.04208610
3.72595 3.265571 -0.04208610
3.90817 3.268837 -0.04208610
4.09929 3.271998 -0.04208610
4.29977 3.275056 -0.04208610
4.51004 3.278012 -0.04208610
4.7306 3.280869 -0.04208610
4.96195 3.283628 -0.04208610
5.20461 3.286291 -0.04208610
5.45913 3.288861 -0.04208610
5.72611 3.291339 -0.04208610
6.00614 3.293727 -0.04208610
6.29986 3.296027 -0.04208610
6.60795 3.298243 -0.04208610
6.93111 3.300376 -0.04208610
7.27007 3.302428 -0.04208610
7.6256 3.304402 -0.04208610
7.99853 3.306299 -0.04208610
8.38969 3.308123 -0.04208610
8.79998 3.309875 -0.04208610
9.23033 3.311559 -0.04208610
9.68173 3.313175 -0.04208610
10.1552 3.314726 -0.04208610
10.6518 3.316214 -0.04208610
11.1728 3.317642 -0.04208610
11.7192 3.319011 -0.04208610
12.2923 3.320324 -0.04208610
12.8934 3.321583 -0.04208610
13.524 3.322789 -0.04208610
14.1853 3.323945 -0.04208610
14.8791 3.325051 -0.04208610
15.6067 3.326112 -0.04208610
16.3699 3.327127 -0.04208610
17.1705 3.328098 -0.04208610
18.0102 3.329028 -0.04208610
18.891 3.329919 -0.04208610
19.8148 3.330770 -0.04208610
20.7838 3.331585 -0.04208610
21.8003 3.332364 -0.04208610
22.8664 3.333110 -0.04208610
23.9846 3.333822 -0.04208610
25.1576 3.334504 -0.04208610
26.3879 3.335155 -0.04208610
27.6784 3.335778 -0.04208610
29.032 3.336373 -0.04208610
30.4517 3.336941 -0.04208610
31.9409 3.337485 -0.04208610
33.503 3.338004 -0.04208610
35.1414 3.338500 -0.04208610
36.86 3.338974 -0.04208610
38.6626 3.339426 -0.04208610
40.5534 3.339859 -0.04208610
42.5366 3.340271 -0.04208610
44.6168 3.340666 -0.04208610
46.7987 3.341042 -0.04208610
49.0874 3.341401 -0.04208610
51.488 3.341745 -0.04208610
54.0059 3.342072 -0.04208610
56.647 3.342385 -0.04208610
59.4173 3.342683 -0.04208610
62.3231 3.342968 -0.04208610
65.3709 3.343240 -0.04208610
68.5678 3.343500 -0.04208610
71.9211 3.343747 -0.04208610
75.4383 3.343984 -0.04208610
79.1276 3.344209 -0.04208610
82.9972 3.344424 -0.04208610
87.0561 3.344630 -0.04208610
91.3135 3.344826 -0.04208610
95.7791 3.345013 -0.04208610
100.463 3.345191 -0.04208610
105.376 3.345361 -0.04208610
110.53 3.345524 -0.04208610
115.935 3.345678 -0.04208610
121.605 3.345826 -0.04208610
127.552 3.345967 -0.04208610
133.789 3.346102 -0.04208610
140.332 3.346230 -0.04208610
147.195 3.346352 -0.04208610
154.393 3.346469 -0.04208610
161.944 3.346580 -0.04208610
169.864 3.346686 -0.04208610
178.171 3.346787 -0.04208610
186.884 3.346884 -0.04208610
196.023 3.346976 -0.04208610
205.61 3.347064 -0.04208610
215.665 3.347148 -0.04208610
226.212 3.347227 -0.04208610
237.274 3.347304 -0.04208610
248.878 3.347376 -0.04208610
261.049 3.347446 -0.04208610
273.816 3.347512 -0.04208610
287.206 3.347575 -0.04208610
301.252 3.347635 -0.04208610
315.984 3.347692 -0.04208610
331.437 3.347747 -0.04208610
347.646 3.347799 -0.04208610
364.647 3.347848 -0.04208610
382.48 3.347896 -0.04208610
401.185 3.347941 -0.04208610
420.804 3.347984 -0.04208610
441.383 3.348025 -0.04208610
462.969 3.348064 -0.04208610
485.61 3.348102 -0.04208610
509.358 3.348137 -0.04208610
534.268 3.348171 -0.04208610
560.396 3.348204 -0.04208610
587.802 3.348234 -0.04208610
616.548 3.348264 -0.04208610
646.699 3.348292 -0.04208610
678.325 3.348319 -0.04208610
711.498 3.348344 -0.04208610
746.294 3.348368 -0.04208610
782.79 3.348392 -0.04208610
821.072 3.348414 -0.04208610
861.226 3.348435 -0.04208610
903.343 3.348455 -0.04208610
947.521 3.348474 -0.04208610
993.858 3.348492 -0.04208610
1042.46 3.348510 -0.04208610
1093.44 3.348526 -0.04208610
1146.92 3.348542 -0.04208610
1203.01 3.348557 -0.04208610
1261.84 3.348572 -0.04208610
1323.55 3.348586 -0.04208610
1388.27 3.348599 -0.04208610
1456.17 3.348611 -0.04208610
1527.38 3.348623 -0.04208610
1602.07 3.348634 -0.04208610
1680.42 3.348645 -0.04208610
1762.6 3.348655 -0.04208610
1848.8 3.348665 -0.04208610
1939.21 3.348675 -0.04208610
2034.05 3.348684 -0.04208610
2133.52 3.348692 -0.04208610
2237.86 3.348700 -0.04208610
2347.3 3.348708 -0.04208610
2462.09 3.348715 -0.04208610
2582.5 3.348722 -0.04208610
2708.79 3.348729 -0.04208610
2841.26 3.348736 -0.04208610
2980.21 3.348742 -0.04208610
3125.96 3.348747 -0.04208610
3278.83 3.348753 -0.04208610
3439.18 3.348758 -0.04208610
3607.37 3.348763 -0.04208610
3783.78 3.348768 -0.04208610
3968.83 3.348773 -0.04208610
4162.92 3.348777 -0.04208610
4366.5 3.348781 -0.04208610
4580.04 3.348785 -0.04208610
4804.03 3.348789 -0.04208610
5038.96 3.348793 -0.04208610
5285.39 3.348796 -0.04208610
5543.87 3.348799 -0.04208610
5814.98 3.348802 -0.04208610
6099.36 3.348805 -0.04208610
6397.64 3.348808 -0.04208610
6710.52 3.348811 -0.04208610
7038.69 3.348814 -0.04208610
7382.91 3.348816 -0.04208610
7743.96 3.348818 -0.04208610
8122.67 3.348821 -0.04208610
8519.91 3.348823 -0.04208610
8936.56 3.348825 -0.04208610
9373.6 3.348827 -0.04208610
9832.01 3.348829 -0.04208610
10312.8 3.348830 -0.04208610
10817.2 3.348832 -0.04208610
11346.2 3.348834 -0.04208610
11901.1 3.348835 -0.04208610
12483.1 3.348837 -0.04208610
13093.5 3.348838 -0.04208610
13733.9 3.348839 -0.04208610
14405.5 3.348841 -0.04208610
15110 3.348842 -0.04208610
15848.9 3.348843 -0.04208610
