xd F
1.000000 0.000000
1.003049 -0.000007
1.006107 -0.000027
1.009175 -0.000062
1.012251 -0.000110
1.015338 -0.000173
1.018433 -0.000249
1.021538 -0.000340
1.024653 -0.000445
1.027777 -0.000564
1.030910 -0.000698
1.034054 -0.000847
1.037206 -0.001010
1.040369 -0.001188
1.043541 -0.001380
1.046722 -0.001588
1.049914 -0.001811
1.053115 -0.002048
1.056325 -0.002301
1.059546 -0.002569
1.062776 -0.002852
1.066017 -0.003151
1.069267 -0.003465
1.072527 -0.003795
1.075797 -0.004141
1.079077 -0.004502
1.082367 -0.004879
1.085667 -0.005272
1.088977 -0.005681
1.092297 -0.006106
1.095627 -0.006547
1.098968 -0.007004
1.102318 -0.007478
1.105679 -0.007968
1.109050 -0.008474
1.112432 -0.008997
1.115823 -0.009537
1.119225 -0.010093
1.122638 -0.010666
1.126060 -0.011256
1.129494 -0.011862
1.132937 -0.012486
1.136392 -0.013126
1.139856 -0.013784
1.143332 -0.014459
1.146817 -0.015151
1.150314 -0.015860
1.153821 -0.016587
1.157339 -0.017331
1.160868 -0.018092
1.164407 -0.018871
1.167957 -0.019668
1.171518 -0.020482
1.175090 -0.021315
1.178672 -0.022164
1.182266 -0.023032
1.185871 -0.023918
1.189486 -0.024821
1.193113 -0.025743
1.196751 -0.026683
1.200399 -0.027640
1.204059 -0.028616
1.207730 -0.029610
1.211412 -0.030623
1.215106 -0.031653
1.218811 -0.032703
1.222527 -0.033770
1.226254 -0.034856
1.229993 -0.035960
1.233743 -0.037083
1.237504 -0.038225
1.241277 -0.039385
1.245062 -0.040564
1.248858 -0.041762
1.252665 -0.042978
1.256485 -0.044213
1.260315 -0.045467
1.264158 -0.046740
1.268012 -0.048031
1.271878 -0.049342
1.275756 -0.050671
1.279646 -0.052020
1.283547 -0.053387
1.287460 -0.054774
1.291386 -0.056179
1.295323 -0.057604
1.299272 -0.059048
1.303234 -0.060511
1.307207 -0.061993
1.311193 -0.063494
1.315190 -0.065014
1.319200 -0.066554
1.323222 -0.068112
1.327257 -0.069690
1.331303 -0.071288
1.335362 -0.072904
1.339433 -0.074540
1.343517 -0.076195
1.347613 -0.077869
1.351722 -0.079563
1.355843 -0.081275
1.359977 -0.083007
1.364124 -0.084759
1.368283 -0.086530
1.372454 -0.088319
1.376639 -0.090129
1.380836 -0.091957
1.385046 -0.093805
1.389269 -0.095672
1.393505 -0.097559
1.397753 -0.099464
1.402015 -0.101389
1.406289 -0.103333
1.410577 -0.105297
1.414878 -0.107279
1.419191 -0.109281
1.423518 -0.111302
1.427858 -0.113342
1.432212 -0.115401
1.436578 -0.117480
1.440958 -0.119577
1.445352 -0.121694
1.449758 -0.123829
1.454179 -0.125984
1.458612 -0.128158
1.463059 -0.130350
1.467520 -0.132562
1.471994 -0.134792
1.476482 -0.137042
1.480984 -0.139310
1.485499 -0.141597
1.490028 -0.143903
1.494571 -0.146227
1.499128 -0.148571
1.503699 -0.150933
1.508283 -0.153313
1.512882 -0.155712
1.517494 -0.158130
1.522121 -0.160566
1.526762 -0.163021
1.531417 -0.165494
1.536086 -0.167985
1.540769 -0.170495
1.545467 -0.173023
1.550179 -0.175569
1.554905 -0.178133
1.559646 -0.180715
1.564401 -0.183316
1.569170 -0.185934
1.573955 -0.188570
1.578753 -0.191224
1.583567 -0.193896
1.588395 -0.196586
1.593238 -0.199293
1.598095 -0.202018
1.602968 -0.204761
1.607855 -0.207521
1.612757 -0.210298
1.617674 -0.213093
1.622606 -0.215905
1.627553 -0.218734
1.632516 -0.221581
1.637493 -0.224444
1.642485 -0.227325
1.647493 -0.230222
1.652516 -0.233137
1.657555 -0.236068
1.662608 -0.239016
1.667677 -0.241980
1.672762 -0.244961
1.677862 -0.247959
1.682977 -0.250972
1.688109 -0.254003
1.693255 -0.257049
1.698418 -0.260112
1.703596 -0.263190
1.708790 -0.266285
1.714000 -0.269395
1.719226 -0.272522
1.724468 -0.275664
1.729725 -0.278821
1.734999 -0.281995
1.740289 -0.285183
1.745595 -0.288388
1.750917 -0.291607
1.756255 -0.294842
1.761610 -0.298091
1.766981 -0.301356
1.772368 -0.304636
1.777772 -0.307930
1.783192 -0.311239
1.788629 -0.314563
1.794082 -0.317902
1.799552 -0.321255
1.805039 -0.324622
1.810542 -0.328003
1.816062 -0.331399
1.821599 -0.334809
1.827153 -0.338233
1.832724 -0.341670
1.838311 -0.345122
1.843916 -0.348587
1.849538 -0.352065
1.855177 -0.355557
1.860833 -0.359063
1.866507 -0.362582
1.872197 -0.366114
1.877905 -0.369659
1.883631 -0.373217
1.889374 -0.376788
1.895134 -0.380371
1.900912 -0.383968
1.906708 -0.387577
1.912521 -0.391198
1.918352 -0.394832
1.924201 -0.398478
1.930068 -0.402136
1.935952 -0.405806
1.941855 -0.409488
1.947775 -0.413182
1.953714 -0.416888
1.959671 -0.420605
1.965645 -0.424334
1.971638 -0.428074
1.977650 -0.431826
1.983679 -0.435588
1.989727 -0.439362
1.995794 -0.443147
2.001879 -0.446943
2.007982 -0.450749
2.014104 -0.454567
2.020245 -0.458394
2.026404 -0.462233
2.032583 -0.466081
2.038780 -0.469940
2.044996 -0.473809
2.051231 -0.477688
2.057485 -0.481577
2.063758 -0.485476
2.070050 -0.489385
2.076361 -0.493303
2.082692 -0.497230
2.089041 -0.501167
2.095411 -0.505114
2.101799 -0.509069
2.108207 -0.513034
2.114635 -0.517007
2.121082 -0.520990
2.127549 -0.524981
2.134036 -0.528981
2.140542 -0.532990
2.147069 -0.537006
2.153615 -0.541032
2.160181 -0.545065
2.166767 -0.549107
2.173373 -0.553157
2.180000 -0.557214
2.186646 -0.561280
2.193313 -0.565353
2.200000 -0.569434
