w F
0.0001 -0.01104846459
0.000107170483 -0.0110489417
0.0001148551242 -0.01104945301
0.0001230907914 -0.01105000097
0.0001319169956 -0.0110505882
0.0001413760814 -0.01105121753
0.0001515134292 -0.01105189196
0.0001623776739 -0.01105261473
0.0001740209374 -0.0110533893
0.0001864990791 -0.01105421938
0.0001998719639 -0.01105510894
0.000214203749 -0.01105606225
0.0002295631924 -0.01105708386
0.0002460239821 -0.01105817868
0.0002636650899 -0.01105935195
0.0002825711503 -0.01106060927
0.0003028328666 -0.01106195666
0.0003245474457 -0.01106340058
0.0003478190651 -0.01106494793
0.000372759372 -0.0110666061
0.0003994880194 -0.01106838304
0.0004281332399 -0.01107028722
0.000458832461 -0.01107232776
0.0004917329646 -0.01107451441
0.0005269925932 -0.0110768576
0.0005647805074 -0.01107936853
0.0006052779976 -0.01108205918
0.0006486793535 -0.0110849424
0.0006951927962 -0.01108803192
0.0007450414774 -0.0110913425
0.0007984645498 -0.01109488989
0.0008557183145 -0.01109869101
0.0009170774507 -0.01110276394
0.0009828363333 -0.01110712807
0.001053310445 -0.01111180415
0.001128837892 -0.01111681441
0.001209781021 -0.01112218265
0.001296528163 -0.01112793433
0.001389495494 -0.01113409673
0.001489129032 -0.01114069906
0.001595906776 -0.01114777258
0.001710341 -0.01115535073
0.001832980711 -0.01116346931
0.001964414281 -0.01117216666
0.002105272273 -0.01118148375
0.002256230463 -0.01119146447
0.002418013085 -0.01120215573
0.002591396301 -0.01121360772
0.002777211932 -0.01122587412
0.002976351442 -0.01123901234
0.003189770215 -0.01125308374
0.003418492146 -0.01126815393
0.003663614544 -0.01128429301
0.003926313402 -0.0113015759
0.004207849036 -0.01132008264
0.004509572136 -0.01133989872
0.004832930239 -0.01136111541
0.005179474679 -0.01138383016
0.00555086803 -0.01140814697
0.005948892078 -0.01143417678
0.006375456372 -0.01146203792
0.006832607387 -0.01149185657
0.007322538338 -0.01152376717
0.007847599704 -0.01155791297
0.008410310505 -0.0115944465
0.00901337039 -0.0116335301
0.00965967258 -0.01167533647
0.01035231776 -0.01172004922
0.01109462894 -0.01176786346
0.01189016742 -0.01181898637
0.01274274986 -0.01187363781
0.01365646657 -0.01193205091
0.01463570118 -0.01199447267
0.01568515164 -0.01206116457
0.01680985277 -0.01213240316
0.01801520041 -0.01220848061
0.01930697729 -0.0122897053
0.02069138081 -0.01237640225
0.02217505275 -0.01246891368
0.02376511114 -0.01256759933
0.02546918439 -0.01267283681
0.02729544792 -0.01278502185
0.02925266337 -0.01290456837
0.03135022063 -0.01303190853
0.03359818286 -0.0131674925
0.03600733485 -0.01331178813
0.03858923467 -0.01346528035
0.04135626918 -0.01362847039
0.04432171342 -0.01380187468
0.04749979435 -0.01398602341
0.05090575902 -0.01418145878
0.05455594781 -0.01438873287
0.05846787277 -0.01460840501
0.06266030164 -0.01484103876
0.06715334791 -0.01508719827
0.0719685673 -0.01534744422
0.07712906118 -0.01562232903
0.08265958739 -0.01591239155
0.08858667904 -0.01621815107
0.09493877179 -0.01654010068
0.1017463403 -0.01687869994
0.1090420443 -0.01723436699
0.1168608855 -0.01760746991
0.1252403755 -0.01799831769
0.1342207153 -0.01840715052
0.1438449888 -0.0188341299
0.1541593693 -0.0192793283
0.1652133406 -0.01974271893
0.1770599351 -0.02022416543
0.1897559877 -0.02072341208
0.2033624085 -0.02124007448
0.2179444754 -0.02177363116
0.2335721469 -0.02232341644
0.250320398 -0.02288861472
0.2682695795 -0.0234682567
0.2875058041 -0.02406121771
0.3081213589 -0.02466621857
0.3302151485 -0.02528182916
0.3538931695 -0.02590647491
0.3792690191 -0.02653844641
0.4064644396 -0.02717591218
0.4356099031 -0.02781693451
0.4668452371 -0.02845948828
0.5003202954 -0.02910148249
0.5361956771 -0.0297407841
0.5746434969 -0.03037524373
0.6158482111 -0.03100272263
0.6600075023 -0.03162112034
0.707333228 -0.03222840216
0.7580524368 -0.03282262596
0.8124084578 -0.03340196735
0.8706620681 -0.03396474275
0.9330927435 -0.0345094296
1 -0.03503468319
1.07170483 -0.03553934992
1.148551242 -0.03602247635
1.230907914 -0.0364833143
1.319169956 -0.03692132179
1.413760814 -0.03733616005
1.515134292 -0.03772768683
1.623776739 -0.03809594653
1.740209374 -0.03844115746
1.864990791 -0.03876369684
1.998719639 -0.03906408411
2.14203749 -0.03934296306
2.295631924 -0.0396010833
2.460239821 -0.03983928172
2.636650899 -0.04005846421
2.825711503 -0.04025958813
3.028328666 -0.04044364583
3.245474457 -0.04061164951
3.478190651 -0.04076461749
3.72759372 -0.0409035621
3.994880194 -0.0410294792
4.281332399 -0.04114333933
4.58832461 -0.04124608044
4.917329646 -0.04133860211
5.269925932 -0.04142176118
5.647805074 -0.04149636861
6.052779976 -0.04156318751
6.486793535 -0.04162293213
6.951927962 -0.04167626768
7.450414774 -0.04172381088
7.984645498 -0.04176613106
8.557183145 -0.04180375174
9.170774507 -0.04183715259
9.828363333 -0.04186677157
10.53310445 -0.04189300729
11.28837892 -0.04191622151
12.09781021 -0.04193674162
12.96528163 -0.04195486314
13.89495494 -0.04197085221
14.89129032 -0.04198494795
15.95906776 -0.04199736476
17.10341 -0.04200829452
18.32980711 -0.04201790862
19.64414281 -0.0420263599
21.05272273 -0.04203378444
22.56230463 -0.04204030321
24.18013085 -0.04204602363
25.91396301 -0.04205104092
27.77211932 -0.04205543941
29.76351442 -0.0420592937
31.89770215 -0.04206266972
34.18492146 -0.04206562565
36.63614544 -0.04206821281
39.26313402 -0.04207047645
42.07849036 -0.04207245637
45.09572136 -0.04207418761
48.32930239 -0.04207570099
51.79474679 -0.04207702357
55.5086803 -0.04207817913
59.48892078 -0.04207918852
63.75456372 -0.04208007004
68.32607387 -0.04208083973
73.22538338 -0.04208151166
78.47599704 -0.04208209814
84.10310505 -0.04208260995
90.1337039 -0.04208305653
96.5967258 -0.04208344614
103.5231776 -0.042083786
110.9462894 -0.04208408243
118.9016742 -0.04208434094
127.4274986 -0.04208456636
136.5646657 -0.04208476291
146.3570118 -0.04208493427
156.8515164 -0.04208508365
168.0985277 -0.04208521386
180.1520041 -0.04208532735
193.0697729 -0.04208542627
206.9138081 -0.04208551247
221.7505275 -0.04208558759
237.6511114 -0.04208565305
254.6918439 -0.04208571009
272.9544792 -0.04208575978
292.5266337 -0.04208580308
313.5022063 -0.0420858408
335.9818286 -0.04208587366
360.0733485 -0.04208590229
385.8923467 -0.04208592722
413.5626918 -0.04208594895
443.2171342 -0.04208596787
474.9979435 -0.04208598435
509.0575902 -0.0420859987
545.5594781 -0.04208601121
584.6787277 -0.04208602209
626.6030164 -0.04208603158
671.5334791 -0.04208603984
719.685673 -0.04208604703
771.2906118 -0.04208605329
826.5958739 -0.04208605875
885.8667904 -0.0420860635
949.3877179 -0.04208606764
1017.463403 -0.04208607124
1090.420443 -0.04208607438
1168.608855 -0.04208607711
1252.403755 -0.04208607949
1342.207153 -0.04208608156
1438.449888 -0.04208608337
1541.593693 -0.04208608494
1652.133406 -0.04208608631
1770.599351 -0.0420860875
1897.559877 -0.04208608853
2033.624085 -0.04208608944
2179.444754 -0.04208609022
2335.721469 -0.04208609091
2503.20398 -0.0420860915
2682.695795 -0.04208609202
2875.058041 -0.04208609247
3081.213589 -0.04208609287
3302.151485 -0.04208609321
3538.931695 -0.04208609351
3792.690191 -0.04208609377
4064.644396 -0.042086094
4356.099031 -0.04208609419
4668.452371 -0.04208609436
5003.202954 -0.04208609451
5361.956771 -0.04208609464
5746.434969 -0.04208609476
6158.482111 -0.04208609486
6600.075023 -0.04208609494
7073.33228 -0.04208609502
7580.524368 -0.04208609508
8124.084578 -0.04208609514
8706.620681 -0.04208609519
9330.927435 -0.04208609523
10000 -0.04208609527
10717.0483 -0.0420860953
11485.51242 -0.04208609533
12309.07914 -0.04208609535
13191.69956 -0.04208609537
14137.60814 -0.04208609539
15151.34292 -0.04208609541
16237.76739 -0.04208609542
17402.09374 -0.04208609544
18649.90791 -0.04208609545
19987.19639 -0.04208609546
21420.3749 -0.04208609546
22956.31924 -0.04208609547
24602.39821 -0.04208609548
26366.50899 -0.04208609548
28257.11503 -0.04208609549
30283.28666 -0.04208609549
32454.74457 -0.04208609549
34781.90651 -0.0420860955
37275.9372 -0.0420860955
39948.80194 -0.0420860955
42813.32399 -0.04208609551
45883.2461 -0.04208609551
49173.29646 -0.04208609551
52699.25932 -0.04208609551
56478.05074 -0.04208609551
60527.79976 -0.04208609551
64867.93535 -0.04208609551
69519.27962 -0.04208609551
74504.14774 -0.04208609551
79846.45498 -0.04208609551
85571.83145 -0.04208609552
91707.74507 -0.04208609552
98283.63333 -0.04208609552
105331.0445 -0.04208609552
112883.7892 -0.04208609552
120978.1021 -0.04208609552
129652.8163 -0.04208609552
138949.5494 -0.04208609552
148912.9032 -0.04208609552
159590.6776 -0.04208609552
171034.1 -0.04208609552
183298.0711 -0.04208609552
196441.4281 -0.04208609552
210527.2273 -0.04208609552
225623.0463 -0.04208609552
241801.3085 -0.04208609552
259139.6301 -0.04208609552
277721.1932 -0.04208609552
297635.1442 -0.04208609552
318977.0215 -0.04208609552
341849.2146 -0.04208609552
366361.4544 -0.04208609552
392631.3402 -0.04208609552
420784.9036 -0.04208609552
450957.2136 -0.04208609552
483293.0239 -0.04208609552
517947.4679 -0.04208609552
555086.803 -0.04208609552
594889.2078 -0.04208609552
637545.6372 -0.04208609552
683260.7387 -0.04208609552
732253.8338 -0.04208609552
784759.9704 -0.04208609552
841031.0505 -0.04208609552
901337.039 -0.04208609552
965967.258 -0.04208609552
1035231.776 -0.04208609552
1109462.894 -0.04208609552
1189016.742 -0.04208609552
1274274.986 -0.04208609552
1365646.657 -0.04208609552
1463570.118 -0.04208609552
1568515.164 -0.04208609552
1680985.277 -0.04208609552
1801520.041 -0.04208609552
1930697.729 -0.04208609552
2069138.081 -0.04208609552
2217505.275 -0.04208609552
2376511.114 -0.04208609552
2546918.439 -0.04208609552
2729544.792 -0.04208609552
2925266.337 -0.04208609552
3135022.063 -0.04208609552
3359818.286 -0.04208609552
3600733.485 -0.04208609552
3858923.467 -0.04208609552
4135626.918 -0.04208609552
4432171.342 -0.04208609552
4749979.435 -0.04208609552
5090575.902 -0.04208609552
5455594.781 -0.04208609552
5846787.277 -0.04208609552
6266030.164 -0.04208609552
6715334.791 -0.04208609552
7196856.73 -0.04208609552
7712906.118 -0.04208609552
8265958.739 -0.04208609552
8858667.904 -0.04208609552
9493877.179 -0.04208609552
10174634.03 -0.04208609552
10904204.43 -0.04208609552
11686088.55 -0.04208609552
12524037.55 -0.04208609552
13422071.53 -0.04208609552
14384498.88 -0.04208609552
15415936.93 -0.04208609552
16521334.06 -0.04208609552
17705993.51 -0.04208609552
18975598.77 -0.04208609552
20336240.85 -0.04208609552
21794447.54 -0.04208609552
23357214.69 -0.04208609552
25032039.8 -0.04208609552
26826957.95 -0.04208609552
28750580.41 -0.04208609552
30812135.89 -0.04208609552
33021514.85 -0.04208609552
35389316.95 -0.04208609552
37926901.91 -0.04208609552
40646443.96 -0.04208609552
43560990.31 -0.04208609552
46684523.71 -0.04208609552
50032029.54 -0.04208609552
53619567.71 -0.04208609552
57464349.69 -0.04208609552
61584821.11 -0.04208609552
66000750.23 -0.04208609552
70733322.8 -0.04208609552
75805243.68 -0.04208609552
81240845.78 -0.04208609552
87066206.81 -0.04208609552
93309274.35 -0.04208609552
100000000 -0.04208609552
