w F
0.0001 -110.3742607
0.000107170483 -110.3711184
0.0001148551242 -110.3677508
0.0001230907914 -110.364142
0.0001319169956 -110.3602745
0.0001413760814 -110.3561299
0.0001515134292 -110.3516884
0.0001623776739 -110.3469287
0.0001740209374 -110.341828
0.0001864990791 -110.3363619
0.0001998719639 -110.3305042
0.000214203749 -110.324227
0.0002295631924 -110.3175002
0.0002460239821 -110.3102917
0.0002636650899 -110.302567
0.0002825711503 -110.2942892
0.0003028328666 -110.2854188
0.0003245474457 -110.2759133
0.0003478190651 -110.2657276
0.000372759372 -110.2548128
0.0003994880194 -110.2431171
0.0004281332399 -110.2305845
0.000458832461 -110.2171555
0.0004917329646 -110.2027659
0.0005269925932 -110.1873474
0.0005647805074 -110.1708265
0.0006052779976 -110.1531247
0.0006486793535 -110.1341578
0.0006951927962 -110.1138358
0.0007450414774 -110.0920621
0.0007984645498 -110.0687337
0.0008557183145 -110.0437399
0.0009170774507 -110.0169623
0.0009828363333 -109.9882744
0.001053310445 -109.9575407
0.001128837892 -109.924616
0.001209781021 -109.8893452
0.001296528163 -109.8515621
0.001389495494 -109.8110893
0.001489129032 -109.7677366
0.001595906776 -109.7213009
0.001710341 -109.6715649
0.001832980711 -109.6182963
0.001964414281 -109.5612466
0.002105272273 -109.5001506
0.002256230463 -109.4347246
0.002418013085 -109.3646656
0.002591396301 -109.28965
0.002777211932 -109.2093323
0.002976351442 -109.1233436
0.003189770215 -109.0312901
0.003418492146 -108.932752
0.003663614544 -108.8272811
0.003926313402 -108.7144
0.004207849036 -108.5935996
0.004509572136 -108.4643376
0.004832930239 -108.3260367
0.005179474679 -108.1780822
0.00555086803 -108.0198203
0.005948892078 -107.850556
0.006375456372 -107.6695505
0.006832607387 -107.4760196
0.007322538338 -107.2691307
0.007847599704 -107.0480014
0.008410310505 -106.8116963
0.00901337039 -106.5592255
0.00965967258 -106.2895419
0.01035231776 -106.001539
0.01109462894 -105.6940494
0.01189016742 -105.3658419
0.01274274986 -105.0156207
0.01365646657 -104.6420233
0.01463570118 -104.2436195
0.01568515164 -103.8189102
0.01680985277 -103.3663272
0.01801520041 -102.8842334
0.01930697729 -102.3709229
0.02069138081 -101.8246226
0.02217505275 -101.2434944
0.02376511114 -100.6256381
0.02546918439 -99.96909558
0.02729544792 -99.27185595
0.02925266337 -98.53186228
0.03135022063 -97.74701971
0.03359818286 -96.91520515
0.03600733485 -96.0342789
0.03858923467 -95.10209822
0.04135626918 -94.11653296
0.04432171342 -93.0754836
0.04749979435 -91.97690159
0.05090575902 -90.81881227
0.05455594781 -89.59934041
0.05846787277 -88.31673833
0.06266030164 -86.9694167
0.06715334791 -85.55597788
0.0719685673 -84.07525162
0.07712906118 -82.526333
0.08265958739 -80.90862209
0.08858667904 -79.22186503
0.09493877179 -77.4661959
0.1017463403 -75.64217861
0.1090420443 -73.75084809
0.1168608855 -71.79374967
0.1252403755 -69.77297561
0.1342207153 -67.6911975
0.1438449888 -65.5516933
0.1541593693 -63.35836742
0.1652133406 -61.11576262
0.1770599351 -58.82906222
0.1897559877 -56.50408129
0.2033624085 -54.14724567
0.2179444754 -51.7655578
0.2335721469 -49.36654882
0.250320398 -46.95821649
0.2682695795 -44.54894916
0.2875058041 -42.14743643
0.3081213589 -39.76256761
0.3302151485 -37.40331976
0.3538931695 -35.07863748
0.3792690191 -32.79730729
0.4064644396 -30.56782964
0.4356099031 -28.39829221
0.4668452371 -26.29624785
0.5003202954 -24.26860123
0.5361956771 -22.32150736
0.5746434969 -20.46028534
0.6158482111 -18.68935013
0.6600075023 -17.01216427
0.707333228 -15.43121094
0.7580524368 -13.94798902
0.8124084578 -12.56302966
0.8706620681 -11.27593331
0.9330927435 -10.08542544
1 -8.989428298
1.07170483 -7.985145813
1.148551242 -7.069158327
1.230907914 -6.237523648
1.319169956 -5.485881027
1.413760814 -4.809554785
1.515134292 -4.203654645
1.623776739 -3.663170239
1.740209374 -3.183057751
1.864990791 -2.758317179
1.998719639 -2.384059209
2.14203749 -2.055561225
2.295631924 -1.768312385
2.460239821 -1.518048123
2.636650899 -1.300774709
2.825711503 -1.112784773
3.028328666 -0.9506648082
3.245474457 -0.8112958081
3.478190651 -0.6918481693
3.72759372 -0.5897720054
3.994880194 -0.5027839273
4.281332399 -0.4288512665
4.58832461 -0.3661745998
4.917329646 -0.3131693174
5.269925932 -0.2684468521
5.647805074 -0.2307960698
6.052779976 -0.1991652129
6.486793535 -0.1726446853
6.951927962 -0.1504508856
7.450414774 -0.1319112174
7.984645498 -0.1164503468
8.557183145 -0.103577728
9.170774507 -0.09287638009
9.828363333 -0.08399286812
10.53310445 -0.07662842491
11.28837892 -0.07053113369
12.09781021 -0.06548908606
12.96528163 -0.06132442592
13.89495494 -0.05788819049
14.89129032 -0.05505586218
15.95906776 -0.05272354944
17.10341 -0.05080472057
18.32980711 -0.04922742029
19.64414281 -0.04793190582
21.05272273 -0.04686864518
22.56230463 -0.04599662735
24.18013085 -0.0452819392
25.91396301 -0.0446965703
27.77211932 -0.04421741117
29.76351442 -0.04382541568
31.89770215 -0.0435049019
34.18492146 -0.04324296973
36.63614544 -0.04302901659
39.26313402 -0.04285433523
42.07849036 -0.04271178037
45.09572136 -0.0425954927
48.32930239 -0.04250067067
51.79474679 -0.04242338197
55.5086803 -0.04236040816
59.48892078 -0.04230911647
63.75456372 -0.04226735443
68.32607387 -0.0422333631
73.22538338 -0.04220570578
78.47599704 -0.04218320955
84.10310505 -0.04216491719
90.1337039 -0.04215004787
96.5967258 -0.04213796488
103.5231776 -0.04212814921
110.9462894 -0.04212017796
118.9016742 -0.04211370665
127.4274986 -0.04210845474
136.5646657 -0.0421041939
146.3570118 -0.04210073829
156.8515164 -0.04209793672
168.0985277 -0.04209566625
180.1520041 -0.04209382689
193.0697729 -0.04209233738
206.9138081 -0.04209113168
221.7505275 -0.04209015615
237.6511114 -0.04208936722
254.6918439 -0.0420887295
272.9544792 -0.04208821429
292.5266337 -0.04208779829
313.5022063 -0.0420874626
335.9818286 -0.04208719189
360.0733485 -0.04208697373
385.8923467 -0.04208679805
413.5626918 -0.0420866567
443.2171342 -0.04208654307
474.9979435 -0.04208645182
509.0575902 -0.0420863786
545.5594781 -0.04208631993
584.6787277 -0.04208627298
626.6030164 -0.04208623546
671.5334791 -0.04208620551
719.685673 -0.04208618166
771.2906118 -0.04208616269
826.5958739 -0.04208614764
885.8667904 -0.04208613573
949.3877179 -0.04208612633
1017.463403 -0.04208611893
1090.420443 -0.04208611313
1168.608855 -0.0420861086
1252.403755 -0.04208610507
1342.207153 -0.04208610235
1438.449888 -0.04208610025
1541.593693 -0.04208609866
1652.133406 -0.04208609745
1770.599351 -0.04208609655
1897.559877 -0.04208609589
2033.624085 -0.04208609542
2179.444754 -0.04208609508
2335.721469 -0.04208609485
2503.20398 -0.04208609471
2682.695795 -0.04208609463
2875.058041 -0.04208609459
3081.213589 -0.04208609459
3302.151485 -0.04208609461
3538.931695 -0.04208609464
3792.690191 -0.04208609469
4064.644396 -0.04208609474
4356.099031 -0.0420860948
4668.452371 -0.04208609486
5003.202954 -0.04208609492
5361.956771 -0.04208609497
5746.434969 -0.04208609502
6158.482111 -0.04208609507
6600.075023 -0.04208609512
7073.33228 -0.04208609516
7580.524368 -0.0420860952
8124.084578 -0.04208609523
8706.620681 -0.04208609526
9330.927435 -0.04208609529
10000 -0.04208609532
10717.0483 -0.04208609534
11485.51242 -0.04208609536
12309.07914 -0.04208609538
13191.69956 -0.0420860954
14137.60814 -0.04208609541
15151.34292 -0.04208609542
16237.76739 -0.04208609544
17402.09374 -0.04208609545
18649.90791 -0.04208609545
19987.19639 -0.04208609546
21420.3749 -0.04208609547
22956.31924 -0.04208609548
24602.39821 -0.04208609548
26366.50899 -0.04208609549
28257.11503 -0.04208609549
30283.28666 -0.04208609549
32454.74457 -0.0420860955
34781.90651 -0.0420860955
37275.9372 -0.0420860955
39948.80194 -0.0420860955
42813.32399 -0.04208609551
45883.2461 -0.04208609551
49173.29646 -0.04208609551
52699.25932 -0.04208609551
56478.05074 -0.04208609551
60527.79976 -0.04208609551
64867.93535 -0.04208609551
69519.27962 -0.04208609551
74504.14774 -0.04208609551
79846.45498 -0.04208609552
85571.83145 -0.04208609552
91707.74507 -0.04208609552
98283.63333 -0.04208609552
105331.0445 -0.04208609552
112883.7892 -0.04208609552
120978.1021 -0.04208609552
129652.8163 -0.04208609552
138949.5494 -0.04208609552
148912.9032 -0.04208609552
159590.6776 -0.04208609552
171034.1 -0.04208609552
183298.0711 -0.04208609552
196441.4281 -0.04208609552
210527.2273 -0.04208609552
225623.0463 -0.04208609552
241801.3085 -0.04208609552
259139.6301 -0.04208609552
277721.1932 -0.04208609552
297635.1442 -0.04208609552
318977.0215 -0.04208609552
341849.2146 -0.04208609552
366361.4544 -0.04208609552
392631.3402 -0.04208609552
420784.9036 -0.04208609552
450957.2136 -0.04208609552
483293.0239 -0.04208609552
517947.4679 -0.04208609552
555086.803 -0.04208609552
594889.2078 -0.04208609552
637545.6372 -0.04208609552
683260.7387 -0.04208609552
732253.8338 -0.04208609552
784759.9704 -0.04208609552
841031.0505 -0.04208609552
901337.039 -0.04208609552
965967.258 -0.04208609552
1035231.776 -0.04208609552
1109462.894 -0.04208609552
1189016.742 -0.04208609552
1274274.986 -0.04208609552
1365646.657 -0.04208609552
1463570.118 -0.04208609552
1568515.164 -0.04208609552
1680985.277 -0.04208609552
1801520.041 -0.04208609552
1930697.729 -0.04208609552
2069138.081 -0.04208609552
2217505.275 -0.04208609552
2376511.114 -0.04208609552
2546918.439 -0.04208609552
2729544.792 -0.04208609552
2925266.337 -0.04208609552
3135022.063 -0.04208609552
3359818.286 -0.04208609552
3600733.485 -0.04208609552
3858923.467 -0.04208609552
4135626.918 -0.04208609552
4432171.342 -0.04208609552
4749979.435 -0.04208609552
5090575.902 -0.04208609552
5455594.781 -0.04208609552
5846787.277 -0.04208609552
6266030.164 -0.04208609552
6715334.791 -0.04208609552
7196856.73 -0.04208609552
7712906.118 -0.04208609552
8265958.739 -0.04208609552
8858667.904 -0.04208609552
9493877.179 -0.04208609552
10174634.03 -0.04208609552
10904204.43 -0.04208609552
11686088.55 -0.04208609552
12524037.55 -0.04208609552
13422071.53 -0.04208609552
14384498.88 -0.04208609552
15415936.93 -0.04208609552
16521334.06 -0.04208609552
17705993.51 -0.04208609552
18975598.77 -0.04208609552
20336240.85 -0.04208609552
21794447.54 -0.04208609552
23357214.69 -0.04208609552
25032039.8 -0.04208609552
26826957.95 -0.04208609552
28750580.41 -0.04208609552
30812135.89 -0.04208609552
33021514.85 -0.04208609552
35389316.95 -0.04208609552
37926901.91 -0.04208609552
40646443.96 -0.04208609552
43560990.31 -0.04208609552
46684523.71 -0.04208609552
50032029.54 -0.04208609552
53619567.71 -0.04208609552
57464349.69 -0.04208609552
61584821.11 -0.04208609552
66000750.23 -0.04208609552
70733322.8 -0.04208609552
75805243.68 -0.04208609552
81240845.78 -0.04208609552
87066206.81 -0.04208609552
93309274.35 -0.04208609552
100000000 -0.04208609552
