c F
0.93093 5.463501291
0.9309795787 5.41169723
0.9310318005 5.359900296
0.9310868062 5.308110866
0.9311447444 5.256329339
0.9312057712 5.204556135
0.9312700514 5.152791694
0.9313377584 5.101036483
0.9314090749 5.049290989
0.9314841933 4.997555729
0.9315633163 4.945831244
0.9316466574 4.894118105
0.9317344414 4.842416914
0.9318269053 4.790728303
0.9319242984 4.739052936
0.9320268836 4.687391516
0.9321349377 4.63574478
0.9322487522 4.584113502
0.9323686341 4.532498501
0.9324949071 4.480900636
0.9326279117 4.42932081
0.9327680068 4.377759976
0.9329155705 4.326219134
0.9330710009 4.274699339
0.9332347173 4.223201698
0.9334071615 4.171727376
0.9335887988 4.1202776
0.9337801193 4.06885366
0.9339816391 4.017456913
0.9341939021 3.966088783
0.9344174809 3.914750773
0.9346529787 3.863444457
0.9349010311 3.812171496
0.9351623073 3.760933632
0.9354375122 3.709732697
0.9357273884 3.658570618
0.936032718 3.607449418
0.9363543249 3.556371223
0.9366930768 3.505338269
0.9370498877 3.454352902
0.9374257203 3.403417588
0.9378215888 3.352534916
0.9382385612 3.301707605
0.9386777625 3.25093851
0.9391403779 3.200230625
0.9396276555 3.149587096
0.9401409101 3.099011222
0.9406815266 3.048506464
0.9412509635 2.998076453
0.9418507574 2.947724995
0.9424825265 2.89745608
0.9431479756 2.847273892
0.9438489 2.797182813
0.944587191 2.747187434
0.9453648407 2.697292563
0.9461839472 2.647503232
0.9470467206 2.597824709
0.9479554889 2.548262504
0.948912704 2.498822381
0.9499209487 2.449510363
0.9509829433 2.400332747
0.9521015534 2.351296108
0.953279797 2.302407312
0.9545208534 2.253673524
0.955828071 2.205102218
0.9572049769 2.156701185
0.9586552864 2.108478544
0.9601829125 2.060442748
0.961791977 2.012602595
0.9634868214 1.964967236
0.9652720188 1.91754618
0.9671523858 1.870349304
0.969132996 1.823386859
0.9712191935 1.776669473
0.973416607 1.73020816
0.9757311657 1.684014319
0.9781691145 1.638099741
0.9807370315 1.592476607
0.9834418452 1.547157488
0.9862908538 1.502155348
0.9892917443 1.457483532
0.9924526136 1.413155769
0.9957819902 1.369186159
0.9992888574 1.325589165
1.002982677 1.282379602
1.006873416 1.239572617
1.010971572 1.19718368
1.015288203 1.155228553
1.019834955 1.113723274
1.024624096 1.072684127
1.029668549 1.032127608
1.034981924 0.9920703982
1.040578557 0.9525293172
1.046473549 0.9135212874
1.052682806 0.8750632858
1.059223081 0.8371722949
1.066112021 0.799865249
1.073368213 0.7631589775
1.081011237 0.7270701438
1.089061713 0.691615181
1.097541364 0.6568102244
1.106473069 0.6226710409
1.115880926 0.5892129559
1.125790321 0.5564507779
1.136227991 0.5243987213
1.147222097 0.4930703278
1.158802303 0.4624783882
1.170999856 0.4326348626
1.183847666 0.403550803
1.197380398 0.3752362764
1.211634566 0.3477002908
1.22664863 0.3209507238
1.242463101 0.2949942564
1.259120648 0.26983631
1.276666216 0.2454809907
1.295147146 0.2219310397
1.314613303 0.1991877903
1.33511721 0.1772511341
1.356714189 0.1561194954
1.379462512 0.1357898148
1.403423559 0.1162575428
1.42866198 0.09751664376
1.455245872 0.07955960929
1.483246963 0.06237748305
1.512740805 0.04595989536
1.543806977 0.03029510799
1.5765293 0.01537006877
1.610996065 0.001170475479
1.647300269 -0.01231915167
1.685539866 -0.02511538969
1.725818032 -0.03723582546
1.768243446 -0.04869896239
1.812930578 -0.05952412199
1.86 -0.06973134174
1.909578714 -0.07934127009
1.961800492 -0.08837505992
2.016806235 -0.0968542616
2.07474436 -0.1048007167
2.135771192 -0.1122364535
2.200051391 -0.1191835853
2.267758396 -0.1256642122
2.339074892 -0.1317003277
2.414193302 -0.1373137306
2.493316308 -0.1425259424
2.576657397 -0.1473581314
2.664441436 -0.1518310435
2.756905281 -0.1559649399
2.854298415 -0.1597795424
2.956883621 -0.1632939854
3.06493769 -0.1665267752
3.178752169 -0.1694957568
3.298634148 -0.1722180872
3.42490709 -0.174710215
3.557911698 -0.1769878667
3.698006841 -0.1790660382
3.845570518 -0.1809589925
4.001000881 -0.1826802613
4.164717306 -0.1842426518
4.337161526 -0.1856582571
4.518798824 -0.1869384702
4.710119288 -0.1880940008
4.911639131 -0.1891348952
5.123902086 -0.1900705575
5.347480874 -0.1909097733
5.582978747 -0.1916607341
5.831031116 -0.1923310633
6.092307268 -0.1929278424
6.367512168 -0.1934576376
6.657388363 -0.1939265269
6.962717987 -0.1943401265
7.28432487 -0.1947036177
7.623076759 -0.1950217723
7.979887662 -0.1952989782
8.355720313 -0.195539264
8.75158877 -0.1957463226
9.168561151 -0.1959235342
9.607762515 -0.196073988
10.0703779 -0.1962005031
10.55765552 -0.1963056484
11.07091012 -0.1963917612
11.61152655 -0.1964609652
12.18096349 -0.196515187
12.78075737 -0.1965561718
13.41252652 -0.1965854984
14.07797557 -0.1966045923
14.7789 -0.1966147394
15.51719103 -0.196617097
16.29484068 -0.1966127057
17.11394718 -0.1966024989
17.97672061 -0.1965873131
18.88548888 -0.196567896
19.84270399 -0.1965449148
20.85094866 -0.1965189637
21.91294331 -0.196490571
23.03155336 -0.1964602046
24.20979701 -0.1964282788
25.45085336 -0.1963951585
26.75807097 -0.196361165
28.13497694 -0.1963265795
29.58528638 -0.196291648
31.11291245 -0.196256584
32.72197696 -0.1962215727
34.41682141 -0.1961867733
36.20201877 -0.1961523223
38.0823858 -0.1961183356
40.06299604 -0.196084911
42.14919349 -0.1960521298
44.34660705 -0.1960200593
46.66116571 -0.1959887539
49.09911452 -0.1959582567
51.66703146 -0.1959286011
54.37184521 -0.1958998118
57.22085378 -0.1958719057
60.22174426 -0.1958448932
63.38261356 -0.1958187791
66.7119902 -0.1957935631
70.2188574 -0.1957692405
73.91267724 -0.1957458031
77.80341627 -0.1957232394
81.90157233 -0.1957015356
86.21820291 -0.1956806754
90.76495499 -0.1956606409
95.55409646 -0.1956414125
100.5985492 -0.1956229696
105.9119239 -0.1956052908
111.508557 -0.1955883538
117.4035492 -0.1955721361
123.612806 -0.1955566145
130.153081 -0.1955417661
137.042021 -0.1955275676
144.2982134 -0.1955139963
151.9412367 -0.1955010291
159.991713 -0.1954886437
168.4713638 -0.1954768179
177.4030685 -0.1954655299
186.8109264 -0.1954547585
196.7203214 -0.1954444828
207.1579906 -0.1954346826
218.1520966 -0.1954253382
229.7323033 -0.1954164305
241.929856 -0.195407941
254.7776657 -0.1953998516
268.3103978 -0.1953921451
282.5645659 -0.1953848045
297.57863 -0.1953778139
313.3931006 -0.1953711576
330.0506477 -0.1953648205
347.596216 -0.1953587883
366.0771464 -0.1953530472
385.5433034 -0.1953475836
406.0472099 -0.195342385
427.6441887 -0.195337439
450.3925122 -0.1953327338
474.3535589 -0.1953282583
499.5919797 -0.1953240016
526.1758719 -0.1953199533
554.1769632 -0.1953161038
583.6708053 -0.1953124434
614.7369771 -0.1953089632
647.4593004 -0.1953056545
681.9260654 -0.1953025092
718.2302689 -0.1952995194
756.4698657 -0.1952966775
796.7480325 -0.1952939764
839.1734462 -0.1952914093
883.8605777 -0.1952889697
930.93 -0.1952866513
980.5087142 -0.1952844483
1032.730492 -0.1952823549
1087.736235 -0.1952803659
1145.67436 -0.1952784761
1206.701192 -0.1952766806
1270.981391 -0.1952749748
1338.688396 -0.1952733542
1410.004892 -0.1952718148
1485.123302 -0.1952703523
1564.246308 -0.1952689631
1647.587397 -0.1952676435
1735.371436 -0.19526639
1827.835281 -0.1952651994
1925.228415 -0.1952640686
2027.813621 -0.1952629945
2135.86769 -0.1952619743
2249.682169 -0.1952610054
2369.564148 -0.1952600852
2495.83709 -0.1952592113
2628.841698 -0.1952583813
2768.936841 -0.1952575931
2916.500518 -0.1952568445
3071.930881 -0.1952561337
3235.647306 -0.1952554586
3408.091526 -0.1952548175
3589.728824 -0.1952542087
3781.049288 -0.1952536306
3982.569131 -0.1952530816
4194.832086 -0.1952525603
4418.410874 -0.1952520653
4653.908747 -0.1952515953
4901.961116 -0.195251149
5163.237268 -0.1952507251
5438.442168 -0.1952503227
5728.318363 -0.1952499406
6033.647987 -0.1952495778
6355.25487 -0.1952492332
6694.006759 -0.1952489061
7050.817662 -0.1952485955
7426.650313 -0.1952483006
7822.51877 -0.1952480206
8239.491151 -0.1952477547
8678.692515 -0.1952475022
9141.307899 -0.1952472625
9628.585516 -0.195247035
10141.84012 -0.1952468189
10682.45655 -0.1952466137
11251.89349 -0.1952464189
11851.68737 -0.195246234
12483.45652 -0.1952460584
13148.90557 -0.1952458916
13849.83 -0.1952457333
14588.12103 -0.195245583
15365.77068 -0.1952454403
16184.87718 -0.1952453049
17047.65061 -0.1952451762
17956.41888 -0.1952450541
18913.63399 -0.1952449382
19921.87866 -0.1952448281
20983.87331 -0.1952447235
22102.48336 -0.1952446243
23280.72701 -0.1952445301
24521.78336 -0.1952444406
25829.00097 -0.1952443557
27205.90694 -0.1952442751
28656.21638 -0.1952441985
30183.84245 -0.1952441259
31792.90696 -0.1952440569
33487.75141 -0.1952439913
35272.94877 -0.1952439291
37153.3158 -0.1952438701
39133.92604 -0.195243814
41220.12349 -0.1952437608
43417.53705 -0.1952437103
45732.09571 -0.1952436623
48170.04452 -0.1952436167
50737.96146 -0.1952435735
53442.77521 -0.1952435324
56291.78378 -0.1952434935
59292.67426 -0.1952434565
62453.54356 -0.1952434213
65782.9202 -0.195243388
69289.7874 -0.1952433563
72983.60724 -0.1952433262
76874.34627 -0.1952432977
80972.50233 -0.1952432706
85289.13291 -0.1952432448
89835.88499 -0.1952432204
94625.02646 -0.1952431972
99669.47918 -0.1952431752
104982.8539 -0.1952431543
110579.487 -0.1952431345
116474.4792 -0.1952431156
122683.736 -0.1952430977
129224.011 -0.1952430808
136112.951 -0.1952430646
143369.1434 -0.1952430493
151012.1667 -0.1952430348
159062.643 -0.195243021
167542.2938 -0.1952430079
176473.9985 -0.1952429955
185881.8564 -0.1952429836
195791.2514 -0.1952429724
206228.9206 -0.1952429618
217223.0266 -0.1952429517
228803.2333 -0.1952429421
241000.786 -0.195242933
253848.5957 -0.1952429243
267381.3278 -0.1952429161
281635.4959 -0.1952429083
296649.56 -0.1952429009
312464.0306 -0.1952428939
329121.5777 -0.1952428873
346667.146 -0.1952428809
365148.0764 -0.1952428749
384614.2334 -0.1952428692
405118.1399 -0.1952428638
426715.1187 -0.1952428586
449463.4422 -0.1952428538
473424.4889 -0.1952428491
498662.9097 -0.1952428447
525246.8019 -0.1952428405
553247.8932 -0.1952428366
582741.7353 -0.1952428328
613807.9071 -0.1952428292
646530.2304 -0.1952428258
680996.9954 -0.1952428226
717301.1989 -0.1952428196
755540.7957 -0.1952428167
795818.9625 -0.1952428139
838244.3762 -0.1952428113
882931.5077 -0.1952428088
930000.93 -0.1952428064
